20	106.295021
20.290906698750476	106.295021
20.586044732869844	106.30163340181684
20.885475648548283	106.30252219336961
21.189261887185914	106.30298489138447
21.49746679841394	106.30571472552438
21.810154653305165	106.31009674514146
22.12739065777668	106.31676173068082
22.449240966187475	106.32426874599378
22.77577269513385	106.33208716730985
23.107053937445478	106.33926908973571
23.44315377638505	106.34488608505731
23.784142300054445	106.3479964962468
24.130090616010463	106.34902873166124
24.481070866093134	106.34807216448127
24.837156241469714	106.34654151492592
25.1984209978975	106.34502635548347
25.56494047120865	106.34323030292514
25.936791093020236	106.3404731070288
26.3140504066728	106.33655984894496
26.69679708340074	106.33285803525258
27.08511093873791	106.33112508270376
27.47907294916184	106.33261989986718
27.878765268980047	106.3345475653182
28.284271247461966	106.33217608262854
28.695675446220072	106.32380139749675
29.11306365684382	106.30966415266622
29.536522918790062	106.29291265959029
29.966141537533712	106.27914596057127
30.402009102982383	106.26938762196326
30.844216508158908	106.26113147824437
31.29285596815558	106.25137545709318
31.74802103936409	106.2396092525288
32.20980663898519	106.22718498262955
32.67830906482211	106.21493438357221
33.153626015361866	106.20279529231584
33.63585661014871	106.19018536156327
34.125101410453844	106.17665151974958
34.62146244024586	106.16163812864079
35.12504320746613	106.144786980307
35.635948725613716	106.12706456620587
36.15428553564419	106.11034280530208
36.68016172818701	106.09472435052717
37.21368696608603	106.07793183031758
37.754972507267915	106.05876643518474
38.30413122794313	106.03879653269671
38.86127764614443	106.01986929362027
39.4265279456077	106.0007864196568
40.000000000000206	105.97849299999999
40.58181339750116	105.95444172366537
41.1720894657399	105.93286978869124
41.77095129709678	105.91365299544238
42.37852377437204	105.89361587461221
42.9949335968281	105.87160385486487
43.62030930661056	105.8479609726993
44.25478131555359	105.82402170011511
44.89848193237519	105.8009286756528
45.55154539026795	105.7775127683386
46.21410787489121	105.75048412557624
46.88630755277036	105.72004460503427
47.56828460010916	105.69152376557402
48.260181232021196	105.665860302858
48.962141732186545	105.63759978772764
49.674312482939705	105.60680827397056
50.39684199579528	105.57532042139411
51.129880942417586	105.544506547232
51.873582186040764	105.51646617053461
52.628100813345895	105.48788369466394
53.393594166801776	105.4547713911509
54.17022187747612	105.4232478045479
54.95814589832399	105.39711829065143
55.75753053796041	105.36414505432575
56.56854249492426	105.32889894542697
57.39135089244048	105.29035482681337
58.226127313687975	105.257808692349
59.073045837580466	105.2546639048479
59.932283075067765	105.26941357126663
60.804018205965114	105.198228430314
61.68843301631817	105.12268988337763
62.58571193631152	105.09155582150471
63.49604207872855	105.05745457052295
64.41961327797075	105.02718729464642
65.35661812964459	104.99863001815488
66.3072520307241	104.95609545100179
67.27171322029778	104.91786469311734
68.25020282090806	104.88229641824174
69.2429248804921	104.84040143572796
70.25008641493265	104.79848121623415
71.27189745122783	104.7573972491562
72.30857107128878	104.71779960211887
73.36032345637442	104.67767171296667
74.42737393217246	104.63705219253939
75.50994501453623	104.59452758158582
76.60826245588666	104.55011055175476
77.72255529228926	104.50688226006949
78.85305589121582	104.46234424588414
80.00000000000082	104.42414899999997
81.16362679500274	104.37660793874852
82.34417893148023	104.330198880619
83.541902594194	104.28086859035851
84.75704754874454	104.23574938952774
85.98986719365665	104.1861932495522
87.24061861322157	104.14168507196428
88.50956263110764	104.08905647041668
89.79696386475084	104.04159599480467
91.10309078053635	103.98880510989402
92.42821574978288	103.94374590153595
93.77261510554118	103.88709256431402
95.13656920021877	103.8350639274611
96.52036246404286	103.78182704264043
97.92428346437356	103.72266883529983
99.34862496587989	103.67275298872585
100.79368399159105	103.61621075149627
102.25976188483567	103.56025771853973
103.74716437208203	103.4983115058937
105.25620162669229	103.44116371928315
106.78718833360406	103.38213175114466
108.34044375495276	103.3173466497254
109.9162917966485	103.25773886367516
111.51506107592134	103.18870836032114
113.13708498984903	103.12347948287236
114.78270178488147	103.05452718509557
116.45225462737648	102.97750624979314
118.14609167516147	102.90699591559176
119.86456615013608	102.79488189365114
121.60803641193078	102.73398184612617
123.3768660326369	102.66901116279824
125.17142387262359	102.58715147627633
126.99208415745765	102.50178519691026
128.83922655594208	102.43704667882544
130.71323625928977	102.39954239034802
132.61450406144883	102.36936256068407
134.5434264405962	102.36182050265545
136.50040564181674	102.38921988321358
138.48584976098482	102.43774468451176
140.50017282986593	102.4778102584212
142.5437949024563	102.51239788079243
144.61714214257822	102.55010566674983
146.7206469127495	102.57328891908162
148.8547478643456	102.58718896287203
151.01989002907314	102.59752144885513
153.216524911774	102.60693520530796
155.4451105845792	102.61305017809475
157.70611178243232	102.61046485425656
160.00000000000236	102.59159899999996
162.3272535900062	102.5518262361468
164.6883578629612	102.5042490064585
167.08380518838874	102.44924548407187
169.51409509748981	102.38958266413441
171.97973438731407	102.33111456376753
174.4812372264439	102.27001431028202
177.01912526221608	102.21108187190951
179.5939277295025	102.15512848322338
182.20618156107355	102.08889019928495
184.85643149956664	102.0258284103
187.54523021108326	101.96407229053717
190.27313840043846	101.90904044337293
193.04072492808663	101.85875504163515
195.84856692874806	101.8036201394096
198.69724993176072	101.75046495226977
201.58736798318304	101.70378587531283
204.5195237696723	101.65390684275883
207.49432874416505	101.6078686867214
210.5124032533856	101.5633549117746
213.57437666720915	101.5161624033086
216.68088750990657	101.47105734527548
219.83258359329807	101.42423476810568
223.03012215184378	101.37712235796315
226.2741699796992	101.33414487817628
229.5654035697641	101.28524988464602
232.90450925475412	101.24041861576589
236.2921833503241	101.19379137413256
239.72913230027333	101.17930377507128
243.21607282386276	101.10014126176767
246.75373206527502	101.05300902769434
250.34284774524843	101.0099612581658
253.9841683149166	100.96528225477597
257.67845311188546	100.91996073722339
261.42647251858085	100.87531293295177
265.22900812289896	100.83157855188368
269.08685288119375	100.789217890438
273.0008112836349	100.74584298241129
276.97169952197106	100.70527996899403
281.00034565973334	100.6652069208631
285.0875898049141	100.62885174037356
289.23428428515797	100.59446900842119
293.44129382550057	100.56214304942883
297.7094957286928	100.53882967110346
302.0397800581479	100.50737034957646
306.4330498235497	100.47051764232712
310.89022116916016	100.43944658051257
315.41222356486645	100.4053724808514
320.00000000000654	100.37183399999995
324.6545071800142	100.33583976507552
329.3767157259242	100.30125911632858
334.16761037677935	100.26601888253087
339.02819019498156	100.23135552321091
343.95946877463007	100.196499145001
348.9624744528898	100.16293147652479
354.03825052443415	100.12929986022384
359.187855459007	100.09965811264085
364.4123631221491	100.06392676596555
369.71286299913527	100.03219780888246
375.0904604221685	100.00129435000694
380.54627680087896	99.96892810904141
386.08144985617537	99.93879965699779
391.6971338574982	99.90955075676777
397.3944998635236	99.87955918533113
403.1747359663683	99.84984478539891
409.0390475393468	99.82217413099288
414.9886574883323	99.79449956126196
421.0248065067734	99.76697535549495
427.1487533344206	99.7412904686079
433.3617750198154	99.71578341974373
439.6651671865984	99.68889506379107
446.06024430368984	99.66329995189659
452.54833995940066	99.63938240082429
459.13080713953053	99.61541949198211
465.8090185095106	99.59235557844735
472.58436670065066	99.5694629864142
479.45826460054917	99.5467410999624
486.432145647728	99.52600490075332
493.50746413055253	99.5038885284945
500.6856954904994	99.48568591426856
507.9683366298358	99.4635512368557
515.3569062237735	99.44450243989829
522.8529450371643	99.42642223356381
530.4580162458005	99.40844902042654
538.1737057623901	99.38906445847071
546.0016225672724	99.3744809553503
553.9433990439449	99.35736892305165
562.0006913194694	99.34062221383405
570.1751796098309	99.32658237742075
578.4685685703187	99.31168745084771
586.8825876510039	99.29922773360073
595.4189914573883	99.2898895054883
604.0795601162986	99.27737182939721
612.8660996471021	99.2637446919498
621.780442338323	99.25198704491955
630.8244471297356	99.24208412940557
640.0000000000159	99.23549699999998
649.3090143600314	99.22670370503552
658.7534314518515	99.21434416077629
668.3352207535618	99.21609860811934
678.0563803899662	99.2137697193722
687.9189375492632	99.21119471997599
697.9249489057827	99.21192389466725
708.0765010488715	99.21217415739119
718.3757109180171	99.21527627717478
728.8247262443015	99.21885052038121
739.425725998274	99.22505601750534
750.1809208443404	99.23305450167305
761.0925536017613	99.24593113762954
772.1628997123541	99.25938979298785
783.3942677149998	99.27541486448226
794.7889997270506	99.29513838073424
806.34947193274	99.31713206893
818.0780950786972	99.34317697908764
829.9773149766683	99.37262914993057
842.0496130135506	99.40497833526922
854.2975066688449	99.44416398480818
866.7235500396347	99.48696055444896
879.3303343732008	99.53487246073583
892.1204886073838	99.58160930512888
905.0966799188055	99.63780439689744
918.2616142790653	99.70883814236383
931.6180370190256	99.77891385634172
945.1687334013056	99.85514287080792
958.9165292011028	99.93789386738774
972.8642912954606	100.02598760699354
987.0149282611097	100.12191312196737
1001.3713909810035	100.2244220115403
1015.9366732596762	100.33309758201644
1030.7138124475518	100.44644702645881
1045.7058900743334	100.55297705551537
1060.916032491606	100.63636452820083
1076.3474115247852	100.76785127604163
1092.0032451345498	100.89120076558426
1107.8867980878947	100.99450490514128
1124.0013826389438	101.1427327866784
1140.350359219667	101.30094719958099
1156.9371371406426	101.44678266267483
1173.765175302013	101.59187759699712
1190.837982914782	101.73073898456798
1208.1591202326028	101.86968327725724
1225.73219929421	102.00374846621388
1243.5608846766518	102.13561209481854
1261.648894259477	102.2642091227674
1280.0000000000375	102.39074700000025
1298.6180287200684	102.51054709954583
1317.5068629037087	102.63335211619851
1336.6704415071292	102.74771781328563
1356.112760779938	102.85836848269561
1375.8378750985323	102.97090262376314
1395.8498978115715	103.07639305323909
1416.153002097749	103.17965264523181
1436.7514218360407	103.28302705331235
1457.6494524886093	103.38419439133085
1478.8514519965543	103.48367304791115
1500.3618416886875	103.58283009680753
1522.1851072035295	103.6811439079519
1544.3257994247153	103.77823390763135
1566.788535430007	103.8759289378311
1589.5779994541087	103.97420817261522
1612.6989438654878	104.07304762685251
1636.156190157402	104.17245123400866
1659.9546299533442	104.27215632919659
1684.099226027109	104.37307657197687
1708.5950133376978	104.47578388419407
1733.4471000792773	104.57868051310457
1758.6606687464096	104.6838118900781
1784.2409772147755	104.79174310219167
1810.193359837619	104.90043802800687
1836.5232285581387	105.00909499945388
1863.2360740380593	105.11958765420583
1890.3374668026197	105.23218904563659
1917.833058402214	105.3460742428739
1945.7285825909298	105.46181192407647
1974.0298565222283	105.57915483289611
2002.7427819620161	105.69771588372869
2031.8733465193618	105.81819616439768
2061.4276248951132	105.94254586733815
2091.411780148677	106.06740079345458
2121.832064983222	106.19340203880408
2152.694823049581	106.31798272319277
2184.0064902691106	106.44281552048687
2215.7735961758003	106.5658368169017
2248.002765277899	106.6888053158692
2280.7007184393456	106.81054319390125
2313.874274281297	106.93228070036574
2347.530350604038	107.05248956542748
2381.6759658295764	107.17169508747989
2416.318240465218	107.28902712962908
2451.4643985884327	107.40229136923644
2487.1217693533167	107.51447120452768
2523.2977885189675	107.62475366502638
2560.0000000000887	107.73172400000026
2597.236057440151	107.83396709553494
2635.0137258074315	107.93490122804998
2673.340883014273	108.03405484088564
2712.225521559891	108.13101897300261
2751.6757501970797	108.22326499861629
2791.699795623158	108.31421856467331
2832.3060041955137	108.40219572350435
2873.502843672097	108.48729569202726
2915.2989049772345	108.56975161774
2957.7029039931244	108.64982209219075
3000.723683377391	108.72663737030673
3044.370214407075	108.80000908156642
3088.6515988494466	108.8714793416435
3133.57707086003	108.93949048638791
3179.1559989082334	109.00383174905035
3225.3978877309914	109.06482753621987
3272.3123803148205	109.12147998578602
3319.9092599067053	109.17340926869727
3368.198452054235	109.21984439628389
3417.190026675413	109.25906650075369
3466.8942001585724	109.29037359161627
3517.3213374928373	109.31447770505656
3568.4819544295697	109.33131923743595
3620.386719675257	109.34293481931485
3673.0464571162966	109.35203802979707
3726.472148076138	109.36075962379194
3780.6749336052594	109.3671421143137
3835.6661168044484	109.36747890487439
3891.45716518188	109.34948708758488
3948.059713044477	109.31710406242084
4005.4855639240527	109.25760038720419
4063.746693038744	109.17971031020502
4122.855249790247	109.0867152722145
4182.823560297375	108.98611813686944
4243.664129966465	108.88493418545278
4305.389646099183	108.78100544087293
4368.012980538242	108.67260558460738
4431.5471923516225	108.55651005308442
4496.00553055582	108.43093306035277
4561.401436878714	108.29628270000353
4627.748548562617	108.15494392940501
4695.060701208099	108.00508469207307
4763.351931659176	107.84928419366994
4832.63648093046	107.69078814234796
4902.928797176889	107.52825484149908
4974.243538706657	107.36121322161489
5046.595577037959	107.18927059882489
5120.000000000202	107.01070471428523
5194.472114880326	106.82445135488278
5270.027451614888	106.63721128697011
5346.6817660285715	106.45585233055134
5424.451043119808	106.28638957213674
5503.351500394186	106.13201479308833
5583.399591246343	105.98858676120496
5664.612008391055	105.8544168496194
5747.005687344222	105.72500876273287
5830.597809954497	105.5988252324478
5915.405807986278	105.4797799566363
6001.447366754812	105.38645367682761
6088.740428814181	105.3432341733658
6177.303197698925	105.30500264336862
6267.154141720092	105.27085037992164
6358.3119978165005	105.26992544679901
6450.795775462017	105.29709361019637
6544.624760629676	105.3343403745276
6639.818519813445	105.37428135228492
6736.396904108505	105.43500715077329
6834.380053350861	105.53660546610543
6933.788400317181	105.68273383363307
7034.642674985712	105.8728606716387
7136.963908859177	106.11155119923227
7240.773439350552	106.40807292049696
7346.092914232631	106.76321976613372
7452.944296152315	107.165452623946
7561.349867210557	107.599276873453
7671.332233608935	108.03385742781535
7782.914330363799	108.42374717517507
7896.119426088994	108.70070904800637
8010.971127848146	108.76566525137508
8127.49338607753	108.57222241122615
8245.710499580537	108.134865468748
8365.647120594791	107.49679225136914
8487.328259932974	106.73032501394943
8610.77929219841	105.87051029900793
8736.025961076528	104.96400755787772
8863.094384703289	104.05365601762993
8992.011061111683	103.1709858798189
9122.802873757471	102.34804298722283
9255.497097125279	101.58257650350568
9390.121402416245	100.86254964755713
9526.7038633184	100.20977190440554
9665.272961860968	99.61930293158765
9805.857594353829	99.08329384730145
9948.487077413367	98.59525352504994
10093.19115407597	98.15465114816301
10240.000000000457	97.76112399999884
10388.944229760706	97.41380338521051
10540.05490322983	97.1192874484717
10693.363532057198	96.87071599929912
10848.902086239672	96.68757741111594
11006.703000788428	96.58038918343446
11166.799182492743	96.5669953303623
11329.224016782166	96.71333064343328
11494.0113746885	97.04401998470598
11661.195619909053	97.74749028105707
11830.811615972614	98.69160672267716
12002.894733509682	99.91512960181231
12177.48085762842	101.19137718734981
12354.606395397908	102.41222219905548
12534.308283440243	103.5723185873456
12716.62399563306	104.63372225999872
12901.591550924093	105.30662920860024
13089.249521259411	105.7087904261758
13279.637039626952	105.33832588580253
13472.793808217073	104.22245770913692
13668.760106701786	102.79094854894149
13867.576800634426	101.38642106612079
14069.285349971487	100.2103882257699
14273.927817718419	99.25168874285092
14481.54687870117	98.60828778640442
14692.18582846533	98.2664051127044
14905.888592304698	98.14610503997396
15122.699734421185	98.22719733004543
15342.664467217943	98.437827264606
15565.828660727671	98.65633435814263
15792.238852178061	98.71867420720801
16021.942255696367	98.41184208215645
16254.986772155136	97.62253798714171
16491.42099916115	96.41627420437973
16731.294241189662	95.01199249071293
16974.65651986603	93.5428960926879
17221.558584396902	92.10179731522314
17472.051922153143	90.71685948832773
17726.188769406665	89.3382025305088
17984.022122223458	88.13150377011712
18245.605747515034	87.07231399460609
18510.99419425065	86.11687639446471
18780.242804832582	85.12214392154773
19053.40772663689	83.87375634280576
19330.545923722028	81.84520564538578
19611.71518870775	78.25464308352515
19896.974154826825	75.914322
20186.382308152035	75.914322