20	107.831657
20.290906698750476	107.831657
20.586044732869844	107.83465474928798
20.885475648548283	107.84336717262744
21.189261887185914	107.85518348891321
21.49746679841394	107.87096189439552
21.810154653305165	107.88941467189363
22.12739065777668	107.91064349421403
22.449240966187475	107.93216854360689
22.77577269513385	107.95177069546881
23.107053937445478	107.96897600017012
23.44315377638505	107.98460085218817
23.784142300054445	108.00031891059281
24.130090616010463	108.01703846528086
24.481070866093134	108.03504112208722
24.837156241469714	108.05328612744746
25.1984209978975	108.07044273040694
25.56494047120865	108.086164286587
25.936791093020236	108.10025011243143
26.3140504066728	108.11272006373306
26.69679708340074	108.1225150598567
27.08511093873791	108.12935156101459
27.47907294916184	108.13204543123803
27.878765268980047	108.13245404019482
28.284271247461966	108.1331730807081
28.695675446220072	108.13635952668027
29.11306365684382	108.14271049859961
29.536522918790062	108.15125323140441
29.966141537533712	108.1588901319712
30.402009102982383	108.163994684345
30.844216508158908	108.16746787669582
31.29285596815558	108.17154386256284
31.74802103936409	108.17653715753443
32.20980663898519	108.18049313596006
32.67830906482211	108.18104216778089
33.153626015361866	108.17690644944466
33.63585661014871	108.16836199355372
34.125101410453844	108.15527918014921
34.62146244024586	108.13631617796153
35.12504320746613	108.11219937574813
35.635948725613716	108.08970557105317
36.15428553564419	108.07951293064362
36.68016172818701	108.08686815902288
37.21368696608603	108.10530551257018
37.754972507267915	108.12090408522248
38.30413122794313	108.12893065061846
38.86127764614443	108.12605500427114
39.4265279456077	108.12012481465416
40.000000000000206	108.114609
40.58181339750116	108.10894890646433
41.1720894657399	108.10214530698865
41.77095129709678	108.09437297696046
42.37852377437204	108.08507233426045
42.9949335968281	108.07331184355684
43.62030930661056	108.05853654558221
44.25478131555359	108.04214933376296
44.89848193237519	108.02608375191902
45.55154539026795	108.01062737973385
46.21410787489121	107.99438673504403
46.88630755277036	107.97538563449116
47.56828460010916	107.95471640968023
48.260181232021196	107.93471207217664
48.962141732186545	107.91720146289708
49.674312482939705	107.90015588303976
50.39684199579528	107.88126263412991
51.129880942417586	107.86132765968509
51.873582186040764	107.842059676783
52.628100813345895	107.82180561963652
53.393594166801776	107.7980251918584
54.17022187747612	107.7730535072588
54.95814589832399	107.75239917355097
55.75753053796041	107.73309054387329
56.56854249492426	107.70205541305883
57.39135089244048	107.66214651637938
58.226127313687975	107.62398619447971
59.073045837580466	107.60432229564162
59.932283075067765	107.60178496807933
60.804018205965114	107.59454657580353
61.68843301631817	107.57513445354145
62.58571193631152	107.54704006242498
63.49604207872855	107.51662454276321
64.41961327797075	107.48689833450575
65.35661812964459	107.45576873264042
66.3072520307241	107.4211995259855
67.27171322029778	107.38636133302307
68.25020282090806	107.35431049236652
69.2429248804921	107.32342793923718
70.25008641493265	107.29092111235862
71.27189745122783	107.25667839168733
72.30857107128878	107.22153441221728
73.36032345637442	107.18512437961719
74.42737393217246	107.14672110019988
75.50994501453623	107.10653338668568
76.60826245588666	107.06555489067424
77.72255529228926	107.02435874782321
78.85305589121582	106.98299069927124
80.00000000000082	106.94084899999997
81.16362679500274	106.89839106117249
82.34417893148023	106.85535074359939
83.541902594194	106.811056377504
84.75704754874454	106.76586492760781
85.98986719365665	106.7199038107196
87.24061861322157	106.67406838924323
88.50956263110764	106.6297207712071
89.79696386475084	106.58633964097078
91.10309078053635	106.54076378964827
92.42821574978288	106.49308854015581
93.77261510554118	106.44471828776321
95.13656920021877	106.3955280979221
96.52036246404286	106.34465667540805
97.92428346437356	106.29111739284471
99.34862496587989	106.23480801446398
100.79368399159105	106.17799084288926
102.25976188483567	106.12197727741625
103.74716437208203	106.06622765269769
105.25620162669229	106.00990803837685
106.78718833360406	105.95250599151203
108.34044375495276	105.89335598768051
109.9162917966485	105.83264266512133
111.51506107592134	105.77141952015926
113.13708498984903	105.71119367450562
114.78270178488147	105.65316764736689
116.45225462737648	105.60294808220262
118.14609167516147	105.55498461691593
119.86456615013608	105.49628280559901
121.60803641193078	105.4232806838886
123.3768660326369	105.34011939282283
125.17142387262359	105.26117375889523
126.99208415745765	105.18938908438311
128.83922655594208	105.11962256880041
130.71323625928977	105.04972361315957
132.61450406144883	104.97927180969324
134.5434264405962	104.90832120501182
136.50040564181674	104.83655037775125
138.48584976098482	104.76367591037805
140.50017282986593	104.68929190037528
142.5437949024563	104.61322556200403
144.61714214257822	104.53638810073461
146.7206469127495	104.45958269934086
148.8547478643456	104.3827173616496
151.01989002907314	104.3062512645689
153.216524911774	104.23072283193169
155.4451105845792	104.15619212560937
157.70611178243232	104.08180443105162
160.00000000000236	104.00718699999993
162.3272535900062	103.93101598999911
164.6883578629612	103.85071798863754
167.08380518838874	103.76797417060646
169.51409509748981	103.68547283347779
171.97973438731407	103.60388460616345
174.4812372264439	103.52282805969244
177.01912526221608	103.44220772260411
179.5939277295025	103.36223635346632
182.20618156107355	103.28258625378251
184.85643149956664	103.2018750390958
187.54523021108326	103.11860987993715
190.27313840043846	103.03221419470248
193.04072492808663	102.94402775205812
195.84856692874806	102.85615551999925
198.69724993176072	102.76930599895752
201.58736798318304	102.68278645794314
204.5195237696723	102.5960132332367
207.49432874416505	102.50858140976955
210.5124032533856	102.42005027872888
213.57437666720915	102.3305488767292
216.68088750990657	102.24095922725853
219.83258359329807	102.15070280412579
223.03012215184378	102.06056391379934
226.2741699796992	101.97090069445983
229.5654035697641	101.88282668986447
232.90450925475412	101.79657689464673
236.2921833503241	101.71152932833078
239.72913230027333	101.62335783996879
243.21607282386276	101.52734893060679
246.75373206527502	101.4283758380098
250.34284774524843	101.33309252389667
253.9841683149166	101.24080325405845
257.67845311188546	101.14929867139121
261.42647251858085	101.05739927256671
265.22900812289896	100.96538119065855
269.08685288119375	100.87371276690006
273.0008112836349	100.7828084297176
276.97169952197106	100.69229108858197
281.00034565973334	100.60184809517541
285.0875898049141	100.51075838941334
289.23428428515797	100.41907497445516
293.44129382550057	100.32604766963671
297.7094957286928	100.23252057970254
302.0397800581479	100.14016759468055
306.4330498235497	100.05036517995582
310.89022116916016	99.96161699148648
315.41222356486645	99.87350109034607
320.00000000000654	99.78736099999989
324.6545071800142	99.7046206185652
329.3767157259242	99.62341394858467
334.16761037677935	99.54221303355735
339.02819019498156	99.46082538694617
343.95946877463007	99.3799053262039
348.9624744528898	99.299983698183
354.03825052443415	99.2209530764262
359.187855459007	99.1418275359674
364.4123631221491	99.06190961528021
369.71286299913527	98.98173908954325
375.0904604221685	98.90226414834802
380.54627680087896	98.82386796399766
386.08144985617537	98.74639296290401
391.6971338574982	98.67301389190757
397.3944998635236	98.60184628092578
403.1747359663683	98.53474247029939
409.0390475393468	98.46883810263269
414.9886574883323	98.40283547842574
421.0248065067734	98.33653778138928
427.1487533344206	98.27049844853741
433.3617750198154	98.20578158763576
439.6651671865984	98.14262493042936
446.06024430368984	98.08083037229405
452.54833995940066	98.02110948578284
459.13080713953053	97.96454506879118
465.8090185095106	97.9108090941751
472.58436670065066	97.86025816598033
479.45826460054917	97.81037274109366
486.432145647728	97.75944941379612
493.50746413055253	97.7089505739414
500.6856954904994	97.66159582853712
507.9683366298358	97.61732647371137
515.3569062237735	97.57564691681863
522.8529450371643	97.53589766449015
530.4580162458005	97.49797453361158
538.1737057623901	97.46210308954795
546.0016225672724	97.42821614759538
553.9433990439449	97.39573727425058
562.0006913194694	97.36418076068053
570.1751796098309	97.33297768240737
578.4685685703187	97.3015747651085
586.8825876510039	97.27082868454141
595.4189914573883	97.24415748883197
604.0795601162986	97.2246810889202
612.8660996471021	97.21436308598224
621.780442338323	97.20784790622866
630.8244471297356	97.20060263602429
640.0000000000159	97.194611
649.3090143600314	97.19816145807691
658.7534314518515	97.21544167074241
668.3352207535618	97.24124779477997
678.0563803899662	97.26417939742994
687.9189375492632	97.27706776590277
697.9249489057827	97.28071160337969
708.0765010488715	97.27986810189235
718.3757109180171	97.2793553685185
728.8247262443015	97.2821800360294
739.425725998274	97.28838709866693
750.1809208443404	97.29730903787622
761.0925536017613	97.30919271525178
772.1628997123541	97.32397049138663
783.3942677149998	97.34103257738342
794.7889997270506	97.36053161850751
806.34947193274	97.3831668286305
818.0780950786972	97.40938642409009
829.9773149766683	97.43933003238328
842.0496130135506	97.47367224685914
854.2975066688449	97.5130215777052
866.7235500396347	97.55620318129229
879.3303343732008	97.60227197202789
892.1204886073838	97.6530956179485
905.0966799188055	97.70932524464598
918.2616142790653	97.77291696138963
931.6180370190256	97.84188839644588
945.1687334013056	97.91543649706009
958.9165292011028	97.99423328831513
972.8642912954606	98.07930398446118
987.0149282611097	98.17033017485223
1001.3713909810035	98.26709867912271
1015.9366732596762	98.36962071903801
1030.7138124475518	98.47876005655226
1045.7058900743334	98.59437497288339
1060.916032491606	98.71490291653818
1076.3474115247852	98.83933774661196
1092.0032451345498	98.96631190484855
1107.8867980878947	99.09566864458102
1124.0013826389438	99.22806265464914
1140.350359219667	99.36333425885816
1156.9371371406426	99.50090894541076
1173.765175302013	99.64008968028133
1190.837982914782	99.77940862620433
1208.1591202326028	99.91995357754995
1225.73219929421	100.0600679502615
1243.5608846766518	100.20030757294407
1261.648894259477	100.33826762967556
1280.0000000000375	100.47389200000028
1298.6180287200684	100.60649651581214
1317.5068629037087	100.74066387836143
1336.6704415071292	100.87272713247302
1356.112760779938	101.0040672687729
1375.8378750985323	101.13455525084906
1395.8498978115715	101.26422048327734
1416.153002097749	101.39328403951761
1436.7514218360407	101.52313766750589
1457.6494524886093	101.65307598000803
1478.8514519965543	101.7835856590403
1500.3618416886875	101.91459236065117
1522.1851072035295	102.0459125514908
1544.3257994247153	102.17809924532133
1566.788535430007	102.31150644592829
1589.5779994541087	102.44610990270327
1612.6989438654878	102.5815197459042
1636.156190157402	102.71720106293301
1659.9546299533442	102.85279697682672
1684.099226027109	102.98813428193019
1708.5950133376978	103.12297320827226
1733.4471000792773	103.2569383949327
1758.6606687464096	103.389378286923
1784.2409772147755	103.51932811152726
1810.193359837619	103.64576652563031
1836.5232285581387	103.76775659188083
1863.2360740380593	103.88417364252068
1890.3374668026197	103.99376947068097
1917.833058402214	104.09545798147849
1945.7285825909298	104.18808005547585
1974.0298565222283	104.27012552088296
2002.7427819620161	104.33875292788856
2031.8733465193618	104.39449227518355
2061.4276248951132	104.4357379648689
2091.411780148677	104.46176060574935
2121.832064983222	104.47230268680643
2152.694823049581	104.46417683901034
2184.0064902691106	104.44464797678008
2215.7735961758003	104.40397288672496
2248.002765277899	104.35125304649239
2280.7007184393456	104.28152803472607
2313.874274281297	104.19764730238994
2347.530350604038	104.10077727504115
2381.6759658295764	103.99139481007848
2416.318240465218	103.8729513528587
2451.4643985884327	103.74485737411663
2487.1217693533167	103.61062720270066
2523.2977885189675	103.47082807847148
2560.0000000000887	103.32781249999965
2597.236057440151	103.18294163536393
2635.0137258074315	103.03750316486884
2673.340883014273	102.8934247965588
2712.225521559891	102.75096084044415
2751.6757501970797	102.61207615564841
2791.699795623158	102.47691833374273
2832.3060041955137	102.34690214284129
2873.502843672097	102.22133164261685
2915.2989049772345	102.10092584223877
2957.7029039931244	101.98670691931873
3000.723683377391	101.88076666623202
3044.370214407075	101.79028657942024
3088.6515988494466	101.72176853842174
3133.57707086003	101.67648963659674
3179.1559989082334	101.6574942506474
3225.3978877309914	101.65792524733612
3272.3123803148205	101.67363909874128
3319.9092599067053	101.70024596928447
3368.198452054235	101.73536645088284
3417.190026675413	101.77847257317659
3466.8942001585724	101.82997197521718
3517.3213374928373	101.89044079879739
3568.4819544295697	101.96040694541551
3620.386719675257	102.04030862800181
3673.0464571162966	102.13033926378536
3726.472148076138	102.23046374816474
3780.6749336052594	102.34143281556359
3835.6661168044484	102.46064396423566
3891.45716518188	102.59158589536915
3948.059713044477	102.73015883798267
4005.4855639240527	102.87997145346995
4063.746693038744	103.03904247893098
4122.855249790247	103.20728613759461
4182.823560297375	103.38420401652
4243.664129966465	103.56903853632569
4305.389646099183	103.76020353724111
4368.012980538242	103.95616517842737
4431.5471923516225	104.15391746637023
4496.00553055582	104.35023238855524
4561.401436878714	104.53964974395643
4627.748548562617	104.71935388044862
4695.060701208099	104.88120983740976
4763.351931659176	105.02155430490728
4832.63648093046	105.13221124982037
4902.928797176889	105.19729262149795
4974.243538706657	105.21627427470857
5046.595577037959	105.16771620160371
5120.000000000202	105.05679542857104
5194.472114880326	104.87173795397487
5270.027451614888	104.61489851281003
5346.6817660285715	104.3025486778955
5424.451043119808	103.95515597031978
5503.351500394186	103.59920319142606
5583.399591246343	103.25571067348338
5664.612008391055	102.92554969654536
5747.005687344222	102.60164291336257
5830.597809954497	102.28406166599696
5915.405807986278	101.97528998769081
6001.447366754812	101.68023465324636
6088.740428814181	101.40950223281361
6177.303197698925	101.16938394424182
6267.154141720092	100.96808202020117
6358.3119978165005	100.81734896610352
6450.795775462017	100.7204070269434
6544.624760629676	100.68421327978359
6639.818519813445	100.7101515737496
6736.396904108505	100.79661255618738
6834.380053350861	100.94066530275418
6933.788400317181	101.13953369630846
7034.642674985712	101.39138505634713
7136.963908859177	101.69479915452023
7240.773439350552	102.04684870458975
7346.092914232631	102.44288258946283
7452.944296152315	102.88035537854057
7561.349867210557	103.36609664656858
7671.332233608935	103.90613331302292
7782.914330363799	104.49843298050239
7896.119426088994	105.12334738946268
8010.971127848146	105.70911476957468
8127.49338607753	106.14333590635187
8245.710499580537	106.31550003555836
8365.647120594791	106.13063657484416
8487.328259932974	105.61928636142919
8610.77929219841	104.81730208176744
8736.025961076528	103.81560390088634
8863.094384703289	102.73503086136348
8992.011061111683	101.66016142902872
9122.802873757471	100.67404825376924
9255.497097125279	99.82818041329868
9390.121402416245	99.14557486099682
9526.7038633184	98.64164223103187
9665.272961860968	98.31725026278433
9805.857594353829	98.17448548215575
9948.487077413367	98.22436384495838
10093.19115407597	98.49547689033672
10240.000000000457	98.96829040000172
10388.944229760706	99.61639630477329
10540.05490322983	100.3508645429085
10693.363532057198	101.00414416015626
10848.902086239672	101.37055127837765
11006.703000788428	101.25928156941538
11166.799182492743	100.64011316265712
11329.224016782166	99.55194771481611
11494.0113746885	98.32291819042645
11661.195619909053	97.35096232230337
11830.811615972614	96.7138722223395
12002.894733509682	96.49390234434074
12177.48085762842	96.32166572381637
12354.606395397908	96.0340644510194
12534.308283440243	95.61831614154728
12716.62399563306	95.13070505268082
12901.591550924093	94.8324388041636
13089.249521259411	94.67227862430433
13279.637039626952	94.86814995777239
13472.793808217073	95.44872582637628
13668.760106701786	96.2438646524652
13867.576800634426	96.97348521450455
14069.285349971487	97.23480722038431
14273.927817718419	96.97058309815286
14481.54687870117	95.8932460269259
14692.18582846533	94.11227580481767
14905.888592304698	92.03562284921458
15122.699734421185	89.93008110856887
15342.664467217943	88.05935930566388
15565.828660727671	86.63758277830304
15792.238852178061	85.79611844727536
16021.942255696367	85.55677733694864
16254.986772155136	85.77613165331142
16491.42099916115	86.05580024306776
16731.294241189662	85.83715266179215
16974.65651986603	84.7271508051005
17221.558584396902	82.61504947979249
17472.051922153143	79.63381660364801
17726.188769406665	76.01426043796407
17984.022122223458	71.98557169142587
18245.605747515034	67.76484716286934
18510.99419425065	63.612727635042575
18780.242804832582	59.74136209130867
19053.40772663689	56.27083581894352
19330.545923722028	53.525833594276236
19611.71518870775	51.724976176070804
19896.974154826825	51.079872
20186.382308152035	51.079872