20	105.950912
20.290906698750476	105.950912
20.586044732869844	105.9806501687477
20.885475648548283	106.0067632412781
21.189261887185914	106.03577354976328
21.49746679841394	106.07032872746696
21.810154653305165	106.10733373785932
22.12739065777668	106.14205551963087
22.449240966187475	106.1733920443211
22.77577269513385	106.19806422725698
23.107053937445478	106.2196515453777
23.44315377638505	106.24237400615833
23.784142300054445	106.26953971112341
24.130090616010463	106.29980458450433
24.481070866093134	106.3295346887013
24.837156241469714	106.35518480060317
25.1984209978975	106.37364946997559
25.56494047120865	106.38922581328262
25.936791093020236	106.40618334038489
26.3140504066728	106.42766683116584
26.69679708340074	106.45242988785748
27.08511093873791	106.47513226797389
27.47907294916184	106.4905189577817
27.878765268980047	106.50057157675617
28.284271247461966	106.51094764112801
28.695675446220072	106.52545802342297
29.11306365684382	106.5438234892298
29.536522918790062	106.56166520987094
29.966141537533712	106.57096043830607
30.402009102982383	106.57289626383226
30.844216508158908	106.57597940634378
31.29285596815558	106.58690504761024
31.74802103936409	106.60457812378458
32.20980663898519	106.61927362311165
32.67830906482211	106.622586044403
33.153626015361866	106.61375886278941
33.63585661014871	106.60328485557164
34.125101410453844	106.6055157208742
34.62146244024586	106.62493390813454
35.12504320746613	106.64977398996626
35.635948725613716	106.66133717151268
36.15428553564419	106.65125933885935
36.68016172818701	106.63120498653248
37.21368696608603	106.62332955675923
37.754972507267915	106.63692600764362
38.30413122794313	106.65768994829443
38.86127764614443	106.66232794753671
39.4265279456077	106.64964371496146
40.000000000000206	106.634224
40.58181339750116	106.62612997897169
41.1720894657399	106.61100841714833
41.77095129709678	106.58315230303013
42.37852377437204	106.5673510509042
42.9949335968281	106.5768663089333
43.62030930661056	106.59673734323891
44.25478131555359	106.60164046316476
44.89848193237519	106.59867151820835
45.55154539026795	106.59328722602834
46.21410787489121	106.5772877753471
46.88630755277036	106.55782116930924
47.56828460010916	106.56286448852944
48.260181232021196	106.58304122516712
48.962141732186545	106.56327686990379
49.674312482939705	106.52006540420943
50.39684199579528	106.49479619272259
51.129880942417586	106.48508791151666
51.873582186040764	106.47132125289168
52.628100813345895	106.45323899878659
53.393594166801776	106.433690169573
54.17022187747612	106.40589662561298
54.95814589832399	106.38009829586346
55.75753053796041	106.37795113634176
56.56854249492426	106.37507889813827
57.39135089244048	106.35638553677514
58.226127313687975	106.32586762356183
59.073045837580466	106.2993831157869
59.932283075067765	106.26301332199853
60.804018205965114	106.22780878344692
61.68843301631817	106.2101386664096
62.58571193631152	106.1891469404082
63.49604207872855	106.16242075341766
64.41961327797075	106.13406757123771
65.35661812964459	106.10406568305481
66.3072520307241	106.07344900174944
67.27171322029778	106.04092326982456
68.25020282090806	106.00537318311109
69.2429248804921	105.97204576314317
70.25008641493265	105.94111506811417
71.27189745122783	105.90446819362471
72.30857107128878	105.86399680069331
73.36032345637442	105.82901665748243
74.42737393217246	105.79454556239868
75.50994501453623	105.75655134859154
76.60826245588666	105.71854185800584
77.72255529228926	105.682160898835
78.85305589121582	105.6311922789623
80.00000000000082	105.59122499999997
81.16362679500274	105.55308703644887
82.34417893148023	105.5176893200246
83.541902594194	105.47326086829331
84.75704754874454	105.42374897474996
85.98986719365665	105.38840055356222
87.24061861322157	105.34350247709662
88.50956263110764	105.29615641625226
89.79696386475084	105.25690097783601
91.10309078053635	105.20919783242104
92.42821574978288	105.16311708490306
93.77261510554118	105.12147872356776
95.13656920021877	105.06707199838458
96.52036246404286	105.0109978565166
97.92428346437356	104.96430397418116
99.34862496587989	104.91102579116996
100.79368399159105	104.8539605440286
102.25976188483567	104.80058881511741
103.74716437208203	104.74654943078646
105.25620162669229	104.69294010639112
106.78718833360406	104.63598408857774
108.34044375495276	104.57615043151627
109.9162917966485	104.52076677354033
111.51506107592134	104.46020308267047
113.13708498984903	104.39923355890237
114.78270178488147	104.33686469204983
116.45225462737648	104.27657622295328
118.14609167516147	104.21967737915934
119.86456615013608	104.14183439127409
121.60803641193078	104.08619586117854
123.3768660326369	104.02467148699073
125.17142387262359	103.95508168064848
126.99208415745765	103.88949175531995
128.83922655594208	103.82058672461875
130.71323625928977	103.75157015983251
132.61450406144883	103.68170220670048
134.5434264405962	103.61093136193998
136.50040564181674	103.53875590574054
138.48584976098482	103.46623123620687
140.50017282986593	103.39406623520328
142.5437949024563	103.32392980687933
144.61714214257822	103.25739204819699
146.7206469127495	103.19360821210992
148.8547478643456	103.13080665275956
151.01989002907314	103.06848461153211
153.216524911774	103.00431732963129
155.4451105845792	102.93606114097446
157.70611178243232	102.86760741458386
160.00000000000236	102.79670699999991
162.3272535900062	102.7186537072955
164.6883578629612	102.64528876125063
167.08380518838874	102.56965688628637
169.51409509748981	102.49418348373895
171.97973438731407	102.41658847442334
174.4812372264439	102.33705944423558
177.01912526221608	102.25826956161305
179.5939277295025	102.17068673739507
182.20618156107355	102.10095222059171
184.85643149956664	102.02141551694346
187.54523021108326	101.94113967422554
190.27313840043846	101.86110745752988
193.04072492808663	101.77984329854931
195.84856692874806	101.69757274661877
198.69724993176072	101.61635525506858
201.58736798318304	101.5346986697016
204.5195237696723	101.45279814889706
207.49432874416505	101.36983206353993
210.5124032533856	101.28575495670572
213.57437666720915	101.2013048450236
216.68088750990657	101.11748034739234
219.83258359329807	101.0330031809769
223.03012215184378	100.94908343964812
226.2741699796992	100.86371800824169
229.5654035697641	100.77788594178257
232.90450925475412	100.69365183627362
236.2921833503241	100.60684781213762
239.72913230027333	100.51752924206357
243.21607282386276	100.43611792998945
246.75373206527502	100.34916226583555
250.34284774524843	100.26023839623817
253.9841683149166	100.17313072557057
257.67845311188546	100.0875774181943
261.42647251858085	100.0025558055612
265.22900812289896	99.92044032603071
269.08685288119375	99.84298651905105
273.0008112836349	99.77479225716795
276.97169952197106	99.71353897005866
281.00034565973334	99.65459346439508
285.0875898049141	99.59376218510735
289.23428428515797	99.52716046638236
293.44129382550057	99.45884461910849
297.7094957286928	99.37846002442205
302.0397800581479	99.3087009973921
306.4330498235497	99.24600511274286
310.89022116916016	99.17132119856032
315.41222356486645	99.09658407422017
320.00000000000654	99.02216299999989
324.6545071800142	98.94439456313488
329.3767157259242	98.86634841787466
334.16761037677935	98.78754798710443
339.02819019498156	98.70885887227142
343.95946877463007	98.6288568054374
348.9624744528898	98.54936909350128
354.03825052443415	98.46663677448396
359.187855459007	98.3791189752645
364.4123631221491	98.30980760369305
369.71286299913527	98.23330638096428
375.0904604221685	98.15426800424947
380.54627680087896	98.07936120417445
386.08144985617537	98.00198824487319
391.6971338574982	97.92844109330127
397.3944998635236	97.85398713901382
403.1747359663683	97.77754084872834
409.0390475393468	97.70487044537428
414.9886574883323	97.63182561612572
421.0248065067734	97.55913528982424
427.1487533344206	97.48899391528484
433.3617750198154	97.41695964995965
439.6651671865984	97.34788361652981
446.06024430368984	97.2795100915296
452.54833995940066	97.21305760149338
459.13080713953053	97.14593632073863
465.8090185095106	97.07973197403058
472.58436670065066	97.01587367277239
479.45826460054917	96.95086745122855
486.432145647728	96.8884865859418
493.50746413055253	96.82652425812599
500.6856954904994	96.7681012958267
507.9683366298358	96.70882970025393
515.3569062237735	96.64928620116991
522.8529450371643	96.5886912180396
530.4580162458005	96.53298164169853
538.1737057623901	96.47658060150081
546.0016225672724	96.42058547916633
553.9433990439449	96.36604212972472
562.0006913194694	96.31327657631458
570.1751796098309	96.26328561833492
578.4685685703187	96.21033896453338
586.8825876510039	96.16051772852893
595.4189914573883	96.11661432131756
604.0795601162986	96.07011239553027
612.8660996471021	96.02160423656647
621.780442338323	95.97887610920216
630.8244471297356	95.93320582867383
640.0000000000159	95.89526399999993
649.3090143600314	95.85615869247638
658.7534314518515	95.81664564829578
668.3352207535618	95.7823887568063
678.0563803899662	95.75209418670039
687.9189375492632	95.7231361403691
697.9249489057827	95.69467754692802
708.0765010488715	95.66763379894964
718.3757109180171	95.63370636089923
728.8247262443015	95.61801922037539
739.425725998274	95.59948159063394
750.1809208443404	95.58229648466687
761.0925536017613	95.56700655926554
772.1628997123541	95.55971074575513
783.3942677149998	95.55157057956266
794.7889997270506	95.54516939686489
806.34947193274	95.54777990463977
818.0780950786972	95.56437576627029
829.9773149766683	95.60187772020767
842.0496130135506	95.67729953279827
854.2975066688449	95.80279084271508
866.7235500396347	95.93725113825084
879.3303343732008	96.03291295364569
892.1204886073838	96.08226144046776
905.0966799188055	96.11818425607733
918.2616142790653	96.1547551850546
931.6180370190256	96.20103951839945
945.1687334013056	96.25828069128478
958.9165292011028	96.32533317938329
972.8642912954606	96.40104171643135
987.0149282611097	96.48409812965292
1001.3713909810035	96.57719056629443
1015.9366732596762	96.67489447311972
1030.7138124475518	96.7816089227566
1045.7058900743334	96.89211295802465
1060.916032491606	97.00515545767581
1076.3474115247852	97.1231911298817
1092.0032451345498	97.2460945440449
1107.8867980878947	97.36744137725753
1124.0013826389438	97.49000528111044
1140.350359219667	97.61244406131885
1156.9371371406426	97.73322893172063
1173.765175302013	97.85341370636195
1190.837982914782	97.96641646406943
1208.1591202326028	98.0816467317175
1225.73219929421	98.19114482990241
1243.5608846766518	98.2967063560288
1261.648894259477	98.39956637579985
1280.0000000000375	98.4984360000002
1298.6180287200684	98.5963897046457
1317.5068629037087	98.6934041353908
1336.6704415071292	98.78982356198571
1356.112760779938	98.8840821211665
1375.8378750985323	98.97480801289863
1395.8498978115715	99.07551039542741
1416.153002097749	99.17291695173671
1436.7514218360407	99.27008087934887
1457.6494524886093	99.36885128484977
1478.8514519965543	99.46896477717891
1500.3618416886875	99.57258080468765
1522.1851072035295	99.67166104891689
1544.3257994247153	99.7775488364684
1566.788535430007	99.88317765612429
1589.5779994541087	99.991197571389
1612.6989438654878	100.10061877750402
1636.156190157402	100.21106566584531
1659.9546299533442	100.32272457772501
1684.099226027109	100.43521443269866
1708.5950133376978	100.5499768524471
1733.4471000792773	100.66839676652653
1758.6606687464096	100.79753976756402
1784.2409772147755	100.94826458782977
1810.193359837619	101.12179236480107
1836.5232285581387	101.2976248177813
1863.2360740380593	101.46239397423672
1890.3374668026197	101.61335701820015
1917.833058402214	101.75298859848378
1945.7285825909298	101.88618073384795
1974.0298565222283	102.0184386687336
2002.7427819620161	102.14430004643629
2031.8733465193618	102.26736417455157
2061.4276248951132	102.38256103929804
2091.411780148677	102.49733650479789
2121.832064983222	102.61132773273346
2152.694823049581	102.73537641144415
2184.0064902691106	102.86786561859147
2215.7735961758003	102.99641975985274
2248.002765277899	103.11192506769827
2280.7007184393456	103.1999271496052
2313.874274281297	103.2671196329919
2347.530350604038	103.31584720381392
2381.6759658295764	103.34643659464886
2416.318240465218	103.36531500270836
2451.4643985884327	103.36685037537627
2487.1217693533167	103.35515508709372
2523.2977885189675	103.32812286247672
2560.0000000000887	103.28746049999988
2597.236057440151	103.23605886771246
2635.0137258074315	103.1753974719052
2673.340883014273	103.10185605163174
2712.225521559891	103.02017117800868
2751.6757501970797	102.9278926310881
2791.699795623158	102.82300029378248
2832.3060041955137	102.70583478851836
2873.502843672097	102.58196210967148
2915.2989049772345	102.45762647281198
2957.7029039931244	102.34648357095608
3000.723683377391	102.2750058273765
3044.370214407075	102.27489374637219
3088.6515988494466	102.31019411894188
3133.57707086003	102.33407905077952
3179.1559989082334	102.32979554039969
3225.3978877309914	102.30840348750145
3272.3123803148205	102.28681237512711
3319.9092599067053	102.2882154506156
3368.198452054235	102.32734119823542
3417.190026675413	102.39862895896614
3466.8942001585724	102.48135526641167
3517.3213374928373	102.5593817212119
3568.4819544295697	102.62533296244182
3620.386719675257	102.68104837324522
3673.0464571162966	102.72956830743219
3726.472148076138	102.77109567978071
3780.6749336052594	102.8072852969482
3835.6661168044484	102.84130278692811
3891.45716518188	102.87562077222834
3948.059713044477	102.9156798104144
4005.4855639240527	102.9935375245883
4063.746693038744	103.11566274994743
4122.855249790247	103.2711461308216
4182.823560297375	103.43237502175316
4243.664129966465	103.58447905337887
4305.389646099183	103.71453798922113
4368.012980538242	103.82634508988113
4431.5471923516225	103.91824219840979
4496.00553055582	103.99560697431082
4561.401436878714	104.05563095562215
4627.748548562617	104.09225254462565
4695.060701208099	104.08976913004221
4763.351931659176	104.05299915226423
4832.63648093046	103.97409954124429
4902.928797176889	103.84405255347467
4974.243538706657	103.67172566199334
5046.595577037959	103.44852964010947
5120.000000000202	103.18240314285636
5194.472114880326	102.8650525005268
5270.027451614888	102.48984257684654
5346.6817660285715	102.02071152152224
5424.451043119808	101.44002906438175
5503.351500394186	101.225367276452
5583.399591246343	101.08666002037661
5664.612008391055	100.81631671494792
5747.005687344222	100.4993320763187
5830.597809954497	100.170400143511
5915.405807986278	99.85373517592964
6001.447366754812	99.56219711835062
6088.740428814181	99.31045895011344
6177.303197698925	99.08402499210156
6267.154141720092	98.85886536738458
6358.3119978165005	98.66457850926251
6450.795775462017	98.52025700207759
6544.624760629676	98.43719560579109
6639.818519813445	98.42065302813856
6736.396904108505	98.4711958086699
6834.380053350861	98.59214103462416
6933.788400317181	98.79274224700751
7034.642674985712	99.08746566931895
7136.963908859177	99.48739008498372
7240.773439350552	100.00907549076982
7346.092914232631	100.66462237581736
7452.944296152315	101.47132630059355
7561.349867210557	102.4531765891797
7671.332233608935	103.5781448398919
7782.914330363799	104.75321324204045
7896.119426088994	105.78743806815199
8010.971127848146	106.26809150275392
8127.49338607753	105.93945253774015
8245.710499580537	105.00314389919919
8365.647120594791	103.88750913717838
8487.328259932974	102.80569241392108
8610.77929219841	101.77922777941377
8736.025961076528	100.88821419004904
8863.094384703289	100.19259220471687
8992.011061111683	99.62694880086231
9122.802873757471	99.07864589400577
9255.497097125279	98.42588370994184
9390.121402416245	97.90128633194047
9526.7038633184	97.56477225321278
9665.272961860968	97.29660804281963
9805.857594353829	97.03578497132298
9948.487077413367	96.77358618839457
10093.19115407597	96.51704183277563
10240.000000000457	96.28151679999931
10388.944229760706	96.08695073772301
10540.05490322983	95.97005050245535
10693.363532057198	95.93876744910366
10848.902086239672	95.98697436270601
11006.703000788428	96.11988979173684
11166.799182492743	96.3554158597008
11329.224016782166	96.74429315945949
11494.0113746885	97.27715402440326
11661.195619909053	98.06290602679441
11830.811615972614	99.03526626764585
12002.894733509682	100.29083896556413
12177.48085762842	101.74759782918254
12354.606395397908	103.30854897700192
12534.308283440243	104.43069003274832
12716.62399563306	104.28377454828697
12901.591550924093	102.89904847442011
13089.249521259411	101.1243906402467
13279.637039626952	99.45851662327995
13472.793808217073	98.05547507651923
13668.760106701786	96.97058928659685
13867.576800634426	96.19599294043131
14069.285349971487	95.73292821116333
14273.927817718419	95.49260769344782
14481.54687870117	95.57937004215864
14692.18582846533	96.06924947429705
14905.888592304698	97.09569602246707
15122.699734421185	98.7085927127349
15342.664467217943	100.84081409321746
15565.828660727671	103.05270050433154
15792.238852178061	104.17473490742876
16021.942255696367	102.63715509572138
16254.986772155136	99.92144864290405
16491.42099916115	97.81333960201941
16731.294241189662	96.51298035287688
16974.65651986603	95.7834710250832
17221.558584396902	94.1520802507258
17472.051922153143	88.7608724455414
17726.188769406665	88.5415038205344
17984.022122223458	89.14259089440746
18245.605747515034	88.18031008351173
18510.99419425065	84.71131902494763
18780.242804832582	81.11360011980594
19053.40772663689	78.01177395248818
19330.545923722028	75.34078839026705
19611.71518870775	72.7503662103568
19896.974154826825	71.449646
20186.382308152035	71.449646