20	103.057961
20.290906698750476	103.057961
20.586044732869844	103.07213165837085
20.885475648548283	103.08001032524496
21.189261887185914	103.08770972860069
21.49746679841394	103.09841549726625
21.810154653305165	103.11119064174162
22.12739065777668	103.12628502149322
22.449240966187475	103.14209327652459
22.77577269513385	103.1579992910277
23.107053937445478	103.17350487063378
23.44315377638505	103.18797868267882
23.784142300054445	103.20018270976648
24.130090616010463	103.20982320481016
24.481070866093134	103.21556758378868
24.837156241469714	103.21902602581332
25.1984209978975	103.22143271936315
25.56494047120865	103.22469963487782
25.936791093020236	103.22958300452353
26.3140504066728	103.2357239620614
26.69679708340074	103.2416241591676
27.08511093873791	103.24602701187433
27.47907294916184	103.2472388862476
27.878765268980047	103.24503194518064
28.284271247461966	103.23921556195045
28.695675446220072	103.23207180193408
29.11306365684382	103.22592127190636
29.536522918790062	103.22384396180537
29.966141537533712	103.22830168459345
30.402009102982383	103.23489074651629
30.844216508158908	103.23450148946064
31.29285596815558	103.22272037016107
31.74802103936409	103.19952600141264
32.20980663898519	103.17336579840102
32.67830906482211	103.15169776025996
33.153626015361866	103.13782628313974
33.63585661014871	103.1279124868303
34.125101410453844	103.1157022366116
34.62146244024586	103.0992621941277
35.12504320746613	103.08151708054832
35.635948725613716	103.06505827371525
36.15428553564419	103.04885204021161
36.68016172818701	103.03063766392631
37.21368696608603	103.0103400295406
37.754972507267915	102.98933669091812
38.30413122794313	102.96783267289774
38.86127764614443	102.94403877402854
39.4265279456077	102.91799695361712
40.000000000000206	102.89141099999999
40.58181339750116	102.86599827577707
41.1720894657399	102.84032482003666
41.77095129709678	102.81229242356629
42.37852377437204	102.78251007721592
42.9949335968281	102.75356563117603
43.62030930661056	102.72553773134922
44.25478131555359	102.69407549440207
44.89848193237519	102.65598177675577
45.55154539026795	102.6126215842824
46.21410787489121	102.5703584567738
46.88630755277036	102.53493779273657
47.56828460010916	102.5029759719583
48.260181232021196	102.47011094227105
48.962141732186545	102.43376816935114
49.674312482939705	102.39233181967877
50.39684199579528	102.34392791254899
51.129880942417586	102.29627571853844
51.873582186040764	102.2572017581938
52.628100813345895	102.22126352091794
53.393594166801776	102.17950194332394
54.17022187747612	102.13270500120915
54.95814589832399	102.0842357421135
55.75753053796041	102.03303622789042
56.56854249492426	101.98555768376335
57.39135089244048	101.94065800278555
58.226127313687975	101.89369523057503
59.073045837580466	101.83950914276545
59.932283075067765	101.78952989037253
60.804018205965114	101.73838661898438
61.68843301631817	101.68199015084481
62.58571193631152	101.63068822458345
63.49604207872855	101.58076526628676
64.41961327797075	101.5278933436769
65.35661812964459	101.47125926726429
66.3072520307241	101.41189297539366
67.27171322029778	101.35414012487966
68.25020282090806	101.29721390538361
69.2429248804921	101.23815509948302
70.25008641493265	101.17844806864706
71.27189745122783	101.11866015095906
72.30857107128878	101.06031859301737
73.36032345637442	100.99803947791995
74.42737393217246	100.93739139247955
75.50994501453623	100.87500574779912
76.60826245588666	100.81125555081145
77.72255529228926	100.74790812537822
78.85305589121582	100.68479418695051
80.00000000000082	100.62201699999994
81.16362679500274	100.5513497680714
82.34417893148023	100.48638364602292
83.541902594194	100.42141089156668
84.75704754874454	100.35476351666038
85.98986719365665	100.28825102196427
87.24061861322157	100.22004492720967
88.50956263110764	100.1501521885498
89.79696386475084	100.08313265512881
91.10309078053635	100.01002586958161
92.42821574978288	99.94329882314507
93.77261510554118	99.87032837416815
95.13656920021877	99.80284981267096
96.52036246404286	99.7297867235897
97.92428346437356	99.65783532561
99.34862496587989	99.58777164067642
100.79368399159105	99.5158982135763
102.25976188483567	99.44247704196678
103.74716437208203	99.36991861906478
105.25620162669229	99.29837505256764
106.78718833360406	99.2250952116415
108.34044375495276	99.1500449903792
109.9162917966485	99.07731588316805
111.51506107592134	98.99928589313443
113.13708498984903	98.9299948381634
114.78270178488147	98.85088922544267
116.45225462737648	98.77930035965893
118.14609167516147	98.70763602621001
119.86456615013608	98.61916690932998
121.60803641193078	98.5538341124107
123.3768660326369	98.48697187846058
125.17142387262359	98.40877022863401
126.99208415745765	98.32929188968488
128.83922655594208	98.24906037313302
130.71323625928977	98.1746927074967
132.61450406144883	98.10195472553343
134.5434264405962	98.02799595429481
136.50040564181674	97.95030151989698
138.48584976098482	97.87541506166237
140.50017282986593	97.80181225041551
142.5437949024563	97.72594346217794
144.61714214257822	97.64734294439027
146.7206469127495	97.57267759279345
148.8547478643456	97.49838917652083
151.01989002907314	97.42554274714601
153.216524911774	97.35201752504825
155.4451105845792	97.27353708137554
157.70611178243232	97.19863000314822
160.00000000000236	97.12737999999992
162.3272535900062	97.04562637408739
164.6883578629612	96.9755196461846
167.08380518838874	96.89399360435802
169.51409509748981	96.81962797797242
171.97973438731407	96.74904894633214
174.4812372264439	96.67864921628876
177.01912526221608	96.597948417062
179.5939277295025	96.52781215872498
182.20618156107355	96.45969336845485
184.85643149956664	96.37709336345898
187.54523021108326	96.31033541582372
190.27313840043846	96.23931328754686
193.04072492808663	96.1665405472134
195.84856692874806	96.1010579123366
198.69724993176072	96.03050877201467
201.58736798318304	95.95866079833282
204.5195237696723	95.89092357281294
207.49432874416505	95.81961956781002
210.5124032533856	95.75147203389376
213.57437666720915	95.68332490751678
216.68088750990657	95.60784929571253
219.83258359329807	95.5471019128438
223.03012215184378	95.47624064914048
226.2741699796992	95.40820605937235
229.5654035697641	95.3457063022798
232.90450925475412	95.2793283082756
236.2921833503241	95.2198268770065
239.72913230027333	95.15539955046523
243.21607282386276	95.07873862423256
246.75373206527502	95.02133037447774
250.34284774524843	94.9494235312443
253.9841683149166	94.88749923363653
257.67845311188546	94.8323925406213
261.42647251858085	94.77013191615463
265.22900812289896	94.70392965563676
269.08685288119375	94.63728967443849
273.0008112836349	94.57896608096303
276.97169952197106	94.51482939167236
281.00034565973334	94.45639945561149
285.0875898049141	94.40253575237546
289.23428428515797	94.34192600717442
293.44129382550057	94.28090200063046
297.7094957286928	94.22013361301518
302.0397800581479	94.16239878355466
306.4330498235497	94.1117673838986
310.89022116916016	94.05467689858052
315.41222356486645	93.99130784122761
320.00000000000654	93.9385529999999
324.6545071800142	93.87227467955947
329.3767157259242	93.82008559481687
334.16761037677935	93.76572321452586
339.02819019498156	93.70103265634718
343.95946877463007	93.64341137683687
348.9624744528898	93.59081561902428
354.03825052443415	93.540213660771
359.187855459007	93.48471994592263
364.4123631221491	93.4534937394723
369.71286299913527	93.43514115774342
375.0904604221685	93.42737569998569
380.54627680087896	93.43797245419782
386.08144985617537	93.44248980169031
391.6971338574982	93.42638640872711
397.3944998635236	93.39764798647731
403.1747359663683	93.35647212691322
409.0390475393468	93.31386908503619
414.9886574883323	93.26797026088795
421.0248065067734	93.2210237474174
427.1487533344206	93.17614145882693
433.3617750198154	93.13182028348481
439.6651671865984	93.08800726136742
446.06024430368984	93.04851614828168
452.54833995940066	93.00886721745643
459.13080713953053	92.96869876244476
465.8090185095106	92.92981004630371
472.58436670065066	92.89434167361408
479.45826460054917	92.85711676079711
486.432145647728	92.82164129664649
493.50746413055253	92.78758219347179
500.6856954904994	92.75453668352827
507.9683366298358	92.72217171597494
515.3569062237735	92.69008847606217
522.8529450371643	92.664045425282
530.4580162458005	92.63296990868592
538.1737057623901	92.60520189719895
546.0016225672724	92.57870099974622
553.9433990439449	92.55088095644864
562.0006913194694	92.52644422759897
570.1751796098309	92.49849300235762
578.4685685703187	92.4748220115866
586.8825876510039	92.45186801334229
595.4189914573883	92.43310289391297
604.0795601162986	92.41127491037713
612.8660996471021	92.38929048749704
621.780442338323	92.37178612453573
630.8244471297356	92.3576302093019
640.0000000000159	92.33702099999996
649.3090143600314	92.32317849564664
658.7534314518515	92.30464063572371
668.3352207535618	92.28716444069548
678.0563803899662	92.2792366613731
687.9189375492632	92.26767219181046
697.9249489057827	92.26006660895871
708.0765010488715	92.25273808541418
718.3757109180171	92.24884961726976
728.8247262443015	92.2492098191027
739.425725998274	92.25336934931626
750.1809208443404	92.27037174379356
761.0925536017613	92.2939381426414
772.1628997123541	92.31283095444381
783.3942677149998	92.32971160822552
794.7889997270506	92.34821548952416
806.34947193274	92.36616915404471
818.0780950786972	92.38444572412328
829.9773149766683	92.40614101559873
842.0496130135506	92.43069322404192
854.2975066688449	92.45860774948555
866.7235500396347	92.49207544871621
879.3303343732008	92.5320481227716
892.1204886073838	92.57643193318866
905.0966799188055	92.62212313165536
918.2616142790653	92.6755272372711
931.6180370190256	92.73204916785467
945.1687334013056	92.79494321465292
958.9165292011028	92.86527968515685
972.8642912954606	92.94208387420359
987.0149282611097	93.02685526892805
1001.3713909810035	93.12056282263536
1015.9366732596762	93.21869703743542
1030.7138124475518	93.32765045004516
1045.7058900743334	93.44336314965582
1060.916032491606	93.5791624379736
1076.3474115247852	93.72299860071138
1092.0032451345498	93.88081840226509
1107.8867980878947	94.05649516514592
1124.0013826389438	94.24707404133082
1140.350359219667	94.45112608541349
1156.9371371406426	94.65797913271284
1173.765175302013	94.86745932206348
1190.837982914782	95.06211158835356
1208.1591202326028	95.25045166086036
1225.73219929421	95.41404159030388
1243.5608846766518	95.56310956748139
1261.648894259477	95.68624820802196
1280.0000000000375	95.76223800000001
1298.6180287200684	95.77113369412244
1317.5068629037087	95.7864926189079
1336.6704415071292	95.87169393012964
1356.112760779938	96.00873180233602
1375.8378750985323	96.14523953056063
1395.8498978115715	96.27702929193292
1416.153002097749	96.39686469433919
1436.7514218360407	96.51163313392755
1457.6494524886093	96.62114515758637
1478.8514519965543	96.73128155491705
1500.3618416886875	96.83662701371372
1522.1851072035295	96.94536972698232
1544.3257994247153	97.05340673781751
1566.788535430007	97.1648798222184
1589.5779994541087	97.27560233098998
1612.6989438654878	97.38805100015847
1636.156190157402	97.50265353438232
1659.9546299533442	97.61822615461848
1684.099226027109	97.73654541978104
1708.5950133376978	97.85658622614278
1733.4471000792773	97.97949756196618
1758.6606687464096	98.10772254671875
1784.2409772147755	98.23527536141101
1810.193359837619	98.363801831519
1836.5232285581387	98.49508946220892
1863.2360740380593	98.6271357479368
1890.3374668026197	98.76079325298512
1917.833058402214	98.89655094750385
1945.7285825909298	99.03275619721782
1974.0298565222283	99.16998938321002
2002.7427819620161	99.30669746544133
2031.8733465193618	99.4406762754392
2061.4276248951132	99.57534414673803
2091.411780148677	99.71058859495099
2121.832064983222	99.83951869563164
2152.694823049581	99.96643790365208
2184.0064902691106	100.09259700288791
2215.7735961758003	100.21208955868798
2248.002765277899	100.32907991267162
2280.7007184393456	100.43834095412508
2313.874274281297	100.54147769905342
2347.530350604038	100.63936351170183
2381.6759658295764	100.73059072923353
2416.318240465218	100.81495770279446
2451.4643985884327	100.88979376329051
2487.1217693533167	100.96056269382821
2523.2977885189675	101.02284746084243
2560.0000000000887	101.07767450000013
2597.236057440151	101.12722338169118
2635.0137258074315	101.17173310837686
2673.340883014273	101.2097022055136
2712.225521559891	101.24374294252613
2751.6757501970797	101.27271801254665
2791.699795623158	101.29947793570398
2832.3060041955137	101.3231758466893
2873.502843672097	101.34553002571465
2915.2989049772345	101.36793616781729
2957.7029039931244	101.39107648379154
3000.723683377391	101.41307446662697
3044.370214407075	101.43844601283317
3088.6515988494466	101.46598732543235
3133.57707086003	101.49366211388585
3179.1559989082334	101.52463684883402
3225.3978877309914	101.55858371298574
3272.3123803148205	101.59284648161295
3319.9092599067053	101.62692838555509
3368.198452054235	101.66341000245353
3417.190026675413	101.69979109414996
3466.8942001585724	101.73254750648192
3517.3213374928373	101.7622783547369
3568.4819544295697	101.78749625546357
3620.386719675257	101.80582858367386
3673.0464571162966	101.81583684631262
3726.472148076138	101.817442867396
3780.6749336052594	101.80755039578884
3835.6661168044484	101.78753889399566
3891.45716518188	101.75036387235912
3948.059713044477	101.70292032427254
4005.4855639240527	101.63669462915978
4063.746693038744	101.55127665551159
4122.855249790247	101.44851683251603
4182.823560297375	101.33203376204001
4243.664129966465	101.19104356419085
4305.389646099183	101.03566022097885
4368.012980538242	100.86005266114938
4431.5471923516225	100.66237922777556
4496.00553055582	100.44867096769485
4561.401436878714	100.2163936491028
4627.748548562617	99.96604373366416
4695.060701208099	99.69503381008067
4763.351931659176	99.41132142705003
4832.63648093046	99.11485764576392
4902.928797176889	98.802022260971
4974.243538706657	98.47804110311007
5046.595577037959	98.14616782716134
5120.000000000202	97.80504271428477
5194.472114880326	97.45797661745138
5270.027451614888	97.10007690019937
5346.6817660285715	96.7314336482212
5424.451043119808	96.47516894869317
5503.351500394186	96.24065755228006
5583.399591246343	95.93061101008466
5664.612008391055	95.6254379328047
5747.005687344222	95.33756024481958
5830.597809954497	95.069594297865
5915.405807986278	94.82368606304841
6001.447366754812	94.60095260558323
6088.740428814181	94.41357384812603
6177.303197698925	94.25007158956701
6267.154141720092	94.12337993760282
6358.3119978165005	94.03314147926297
6450.795775462017	93.98046349048818
6544.624760629676	93.9703506513752
6639.818519813445	94.00855619572967
6736.396904108505	94.09734153490744
6834.380053350861	94.23976927402012
6933.788400317181	94.44786649572032
7034.642674985712	94.72905105627133
7136.963908859177	95.09788236859825
7240.773439350552	95.5653903225819
7346.092914232631	96.14659371513294
7452.944296152315	96.84255975530137
7561.349867210557	97.66736434442187
7671.332233608935	98.59978376262148
7782.914330363799	99.57369141901812
7896.119426088994	100.44571113273153
8010.971127848146	100.88307214829267
8127.49338607753	100.56384053647066
8245.710499580537	99.48078172003912
8365.647120594791	97.97241051033849
8487.328259932974	96.35947979128841
8610.77929219841	94.76915943967683
8736.025961076528	93.24560849749557
8863.094384703289	91.82221735145467
8992.011061111683	90.50426521241774
9122.802873757471	89.29476524023231
9255.497097125279	88.19657916478005
9390.121402416245	87.21431874896001
9526.7038633184	86.28996552472292
9665.272961860968	85.46518012068043
9805.857594353829	84.71476797913981
9948.487077413367	84.06305375283782
10093.19115407597	83.57418955033738
10240.000000000457	83.32570519999959
10388.944229760706	83.41385267436912
10540.05490322983	83.95136958470786
10693.363532057198	84.78717342492598
10848.902086239672	85.68741258074698
11006.703000788428	86.35850016789956
11166.799182492743	86.72601442837437
11329.224016782166	86.79353721181805
11494.0113746885	86.7138798076114
11661.195619909053	86.72087769089146
11830.811615972614	86.87209254134889
12002.894733509682	87.05177643781593
12177.48085762842	87.22121503592325
12354.606395397908	87.4096872655764
12534.308283440243	87.64402062542871
12716.62399563306	87.8812189120866
12901.591550924093	88.06719094347534
13089.249521259411	88.22191440385117
13279.637039626952	88.30757179328553
13472.793808217073	88.30788194475879
13668.760106701786	88.2490853161708
13867.576800634426	88.12461556879731
14069.285349971487	87.95097855608626
14273.927817718419	87.79241816136813
14481.54687870117	87.7690308522788
14692.18582846533	87.91899939283314
14905.888592304698	88.32644433350347
15122.699734421185	88.89808801923174
15342.664467217943	89.70967005510435
15565.828660727671	90.78020620991533
15792.238852178061	91.66607321727341
16021.942255696367	91.53335122202773
16254.986772155136	89.7644348602681
16491.42099916115	87.08369063320707
16731.294241189662	84.55350989108312
16974.65651986603	82.29801113133891
17221.558584396902	80.34585356598107
17472.051922153143	78.6856680424805
17726.188769406665	77.24393108348495
17984.022122223458	75.88875453490247
18245.605747515034	74.84485854857236
18510.99419425065	74.09752897471427
18780.242804832582	73.61899605842962
19053.40772663689	72.63180572021226
19330.545923722028	70.45450474210907
19611.71518870775	69.55659526059593
19896.974154826825	69.278671
20186.382308152035	69.278671