20	92.994469
20.290906698750476	92.994469
20.586044732869844	93.02136293015799
20.885475648548283	93.09580434530312
21.189261887185914	93.18446839844007
21.49746679841394	93.27930324194065
21.810154653305165	93.37700297221255
22.12739065777668	93.47696237168965
22.449240966187475	93.57897700607576
22.77577269513385	93.68478081237032
23.107053937445478	93.79627992277837
23.44315377638505	93.91442482899336
23.784142300054445	94.03744002633798
24.130090616010463	94.16093368527726
24.481070866093134	94.27734425110697
24.837156241469714	94.3848566387263
25.1984209978975	94.47987181658196
25.56494047120865	94.57026276189886
25.936791093020236	94.66348542180721
26.3140504066728	94.76695191051267
26.69679708340074	94.88507466186431
27.08511093873791	95.01044249550358
27.47907294916184	95.13315336841801
27.878765268980047	95.24448757376388
28.284271247461966	95.34193623255123
28.695675446220072	95.43511655407389
29.11306365684382	95.53143690956988
29.536522918790062	95.63798570075079
29.966141537533712	95.7544828038838
30.402009102982383	95.87030007266081
30.844216508158908	95.97682303358518
31.29285596815558	96.07771175924952
31.74802103936409	96.17975962022263
32.20980663898519	96.28661575105446
32.67830906482211	96.39503052463009
33.153626015361866	96.49797503520145
33.63585661014871	96.59446369165894
34.125101410453844	96.69426886230018
34.62146244024586	96.80816909346574
35.12504320746613	96.93248031863423
35.635948725613716	97.04691277371084
36.15428553564419	97.13125255093838
36.68016172818701	97.18480511700618
37.21368696608603	97.22801007895112
37.754972507267915	97.28630527924714
38.30413122794313	97.36170430626117
38.86127764614443	97.45142893078936
39.4265279456077	97.53958265143432
40.000000000000206	97.61614200000002
40.58181339750116	97.68169028554577
41.1720894657399	97.7413597643255
41.77095129709678	97.79529596318625
42.37852377437204	97.84464586730498
42.9949335968281	97.8980558965216
43.62030930661056	97.96458558225378
44.25478131555359	98.04505929063835
44.89848193237519	98.1272315355437
45.55154539026795	98.2011316967995
46.21410787489121	98.26440119188554
46.88630755277036	98.32100991616585
47.56828460010916	98.37294454072233
48.260181232021196	98.41750647575996
48.962141732186545	98.45945136559943
49.674312482939705	98.51096754333595
50.39684199579528	98.5805176432008
51.129880942417586	98.65551536875482
51.873582186040764	98.71990802278805
52.628100813345895	98.7668656905108
53.393594166801776	98.80722076045468
54.17022187747612	98.85242746150337
54.95814589832399	98.9075241218684
55.75753053796041	98.96493376828644
56.56854249492426	99.01395069862357
57.39135089244048	99.05619184903877
58.226127313687975	99.09415181002986
59.073045837580466	99.13073083029329
59.932283075067765	99.16646478852591
60.804018205965114	99.21158761417554
61.68843301631817	99.26248557491581
62.58571193631152	99.30214466635243
63.49604207872855	99.33180883225036
64.41961327797075	99.36331230872054
65.35661812964459	99.40090022630153
66.3072520307241	99.4389954203592
67.27171322029778	99.47079553342873
68.25020282090806	99.49563455325121
69.2429248804921	99.51582066422058
70.25008641493265	99.53280776321348
71.27189745122783	99.54743327436039
72.30857107128878	99.5632132330873
73.36032345637442	99.58765329043415
74.42737393217246	99.6233018548731
75.50994501453623	99.66123913858112
76.60826245588666	99.69068571989864
77.72255529228926	99.70804839201838
78.85305589121582	99.71704524518294
80.00000000000082	99.726044
81.16362679500274	99.73582430766277
82.34417893148023	99.74371062787228
83.541902594194	99.74852830353575
84.75704754874454	99.75054905812198
85.98986719365665	99.75069201737756
87.24061861322157	99.75003482561502
88.50956263110764	99.74887050780292
89.79696386475084	99.7457077921056
91.10309078053635	99.73937363518255
92.42821574978288	99.72912975082383
93.77261510554118	99.71611876871944
95.13656920021877	99.70081296864387
96.52036246404286	99.6832825365862
97.92428346437356	99.66385046008716
99.34862496587989	99.64243852040441
100.79368399159105	99.6178883042761
102.25976188483567	99.5897248445335
103.74716437208203	99.55775418733204
105.25620162669229	99.52209908722455
106.78718833360406	99.48368146647526
108.34044375495276	99.44272561589169
109.9162917966485	99.39894111751737
111.51506107592134	99.35260372615173
113.13708498984903	99.30536495854057
114.78270178488147	99.25966848530348
116.45225462737648	99.22145146149681
118.14609167516147	99.19232428011148
119.86456615013608	99.1922687601242
121.60803641193078	99.21383427183198
123.3768660326369	99.26493286849784
125.17142387262359	99.32200885834669
126.99208415745765	99.37336876588228
128.83922655594208	99.40212068753667
130.71323625928977	99.41460480474903
132.61450406144883	99.40941128134494
134.5434264405962	99.38131713169183
136.50040564181674	99.33904178269393
138.48584976098482	99.28763098258476
140.50017282986593	99.23040024533731
142.5437949024563	99.17023737393495
144.61714214257822	99.11009018921413
146.7206469127495	99.05085670425437
148.8547478643456	98.99161290309617
151.01989002907314	98.93125426495725
153.216524911774	98.86909830378093
155.4451105845792	98.80560297376132
157.70611178243232	98.74211638214744
160.00000000000236	98.67959599999995
162.3272535900062	98.61782044980544
164.6883578629612	98.5560488323251
167.08380518838874	98.49416949884598
169.51409509748981	98.43208885394655
171.97973438731407	98.36944583852491
174.4812372264439	98.30537826291251
177.01912526221608	98.23894508320204
179.5939277295025	98.17061829924361
182.20618156107355	98.1018178393415
184.85643149956664	98.03229888292796
187.54523021108326	97.96106397836566
190.27313840043846	97.88813584980778
193.04072492808663	97.81409834940919
195.84856692874806	97.73928054804173
198.69724993176072	97.66372032820763
201.58736798318304	97.58698119129807
204.5195237696723	97.5087664148752
207.49432874416505	97.42932723726977
210.5124032533856	97.34914723136147
213.57437666720915	97.26822819975236
216.68088750990657	97.18610931290681
219.83258359329807	97.1025813196405
223.03012215184378	97.01747817844006
226.2741699796992	96.93104375724778
229.5654035697641	96.84391818255231
232.90450925475412	96.75772814928872
236.2921833503241	96.6723420908123
239.72913230027333	96.58127411372273
243.21607282386276	96.47696274565803
246.75373206527502	96.36521604995511
250.34284774524843	96.2560692106514
253.9841683149166	96.15230613969814
257.67845311188546	96.05871656720706
261.42647251858085	95.98154100155003
265.22900812289896	95.92899970382216
269.08685288119375	95.91172884442423
273.0008112836349	95.93243212403796
276.97169952197106	95.96990231770708
281.00034565973334	96.0016913852685
285.0875898049141	96.01249498788971
289.23428428515797	95.98423111831237
293.44129382550057	95.93079190265833
297.7094957286928	95.85859827327712
302.0397800581479	95.77174582521253
306.4330498235497	95.67367210217607
310.89022116916016	95.57251939965754
315.41222356486645	95.47310070777469
320.00000000000654	95.37513699999985
324.6545071800142	95.27854759790178
329.3767157259242	95.18286330115892
334.16761037677935	95.08832444703667
339.02819019498156	94.99508601831897
343.95946877463007	94.90333258993212
348.9624744528898	94.8128447468626
354.03825052443415	94.7228411897343
359.187855459007	94.63296858901799
364.4123631221491	94.54381953208771
369.71286299913527	94.45547293977637
375.0904604221685	94.36703825945393
380.54627680087896	94.27797361587616
386.08144985617537	94.18863840759178
391.6971338574982	94.10023057395695
397.3944998635236	94.01157361770163
403.1747359663683	93.92270927870835
409.0390475393468	93.8324430290075
414.9886574883323	93.74092295253978
421.0248065067734	93.64972266899012
427.1487533344206	93.55913977999077
433.3617750198154	93.46833478664398
439.6651671865984	93.37661652135256
446.06024430368984	93.28483660959328
452.54833995940066	93.19503548643077
459.13080713953053	93.11022003893152
465.8090185095106	93.03097091489553
472.58436670065066	92.95920323084772
479.45826460054917	92.89239751221747
486.432145647728	92.82815354966428
493.50746413055253	92.76674004295364
500.6856954904994	92.70825148946217
507.9683366298358	92.6514459782452
515.3569062237735	92.5949082659759
522.8529450371643	92.53804591209
530.4580162458005	92.48075405752269
538.1737057623901	92.42270257375235
546.0016225672724	92.36372203579498
553.9433990439449	92.30366835358994
562.0006913194694	92.24219306073233
570.1751796098309	92.17902631176828
578.4685685703187	92.11342477575192
586.8825876510039	92.04569212093347
595.4189914573883	91.97629132579148
604.0795601162986	91.90569353257781
612.8660996471021	91.83393358407429
621.780442338323	91.76054675476661
630.8244471297356	91.68610238553495
640.0000000000159	91.61161799999988
649.3090143600314	91.53923948244932
658.7534314518515	91.47130447472733
668.3352207535618	91.41000063586519
678.0563803899662	91.35901240663847
687.9189375492632	91.32361269377185
697.9249489057827	91.30840247465038
708.0765010488715	91.31644823283312
718.3757109180171	91.34961091979183
728.8247262443015	91.40734266887532
739.425725998274	91.4852297405012
750.1809208443404	91.5764235184148
761.0925536017613	91.67440088754914
772.1628997123541	91.77311763519043
783.3942677149998	91.86922279099855
794.7889997270506	91.96112006036758
806.34947193274	92.04798054937514
818.0780950786972	92.13049278997543
829.9773149766683	92.21029692189369
842.0496130135506	92.2892412535898
854.2975066688449	92.36923077874317
866.7235500396347	92.45120666631391
879.3303343732008	92.5359620360855
892.1204886073838	92.62602263120658
905.0966799188055	92.72195647337846
918.2616142790653	92.8264808116652
931.6180370190256	92.93961077127568
945.1687334013056	93.06140199554277
958.9165292011028	93.19185711236634
972.8642912954606	93.33113902056758
987.0149282611097	93.47967009481893
1001.3713909810035	93.63838412663753
1015.9366732596762	93.80677398845182
1030.7138124475518	93.98496109790949
1045.7058900743334	94.17382610835358
1060.916032491606	94.3732182097354
1076.3474115247852	94.58276418740124
1092.0032451345498	94.79984771285298
1107.8867980878947	95.02337332831232
1124.0013826389438	95.2539142131842
1140.350359219667	95.49064589298494
1156.9371371406426	95.7336310437134
1173.765175302013	95.98124797727
1190.837982914782	96.23448813641487
1208.1591202326028	96.49229642648027
1225.73219929421	96.75587510811995
1243.5608846766518	97.02368465185945
1261.648894259477	97.29444009687788
1280.0000000000375	97.56768000000055
1298.6180287200684	97.8440699557862
1317.5068629037087	98.12452199647493
1336.6704415071292	98.40965700881041
1356.112760779938	98.69900013411723
1375.8378750985323	98.99190803138112
1395.8498978115715	99.28793673468567
1416.153002097749	99.58683512498479
1436.7514218360407	99.88915301742045
1457.6494524886093	100.19373186052249
1478.8514519965543	100.50061257263572
1500.3618416886875	100.80890546913376
1522.1851072035295	101.11622156704439
1544.3257994247153	101.42110682407224
1566.788535430007	101.72175812049352
1589.5779994541087	102.01637856984775
1612.6989438654878	102.30278450725156
1636.156190157402	102.57839136887345
1659.9546299533442	102.84055597211442
1684.099226027109	103.08681756085804
1708.5950133376978	103.31479584784591
1733.4471000792773	103.52223714500161
1758.6606687464096	103.70738466002851
1784.2409772147755	103.86907856268424
1810.193359837619	104.00673318554134
1836.5232285581387	104.12035081551294
1863.2360740380593	104.21070413034681
1890.3374668026197	104.2792273164963
1917.833058402214	104.32775273280969
1945.7285825909298	104.35843866090693
1974.0298565222283	104.37384028630719
2002.7427819620161	104.375774178086
2031.8733465193618	104.3682893812485
2061.4276248951132	104.35343547144306
2091.411780148677	104.33388888314502
2121.832064983222	104.31227953921461
2152.694823049581	104.29126784567295
2184.0064902691106	104.27157811894416
2215.7735961758003	104.2568175389789
2248.002765277899	104.24577719954252
2280.7007184393456	104.24155561165242
2313.874274281297	104.24450758541356
2347.530350604038	104.25530993479077
2381.6759658295764	104.27543641089582
2416.318240465218	104.30390598751517
2451.4643985884327	104.34547331804414
2487.1217693533167	104.39924279015658
2523.2977885189675	104.47261870652301
2560.0000000000887	104.56557850000026
2597.236057440151	104.68017428277564
2635.0137258074315	104.81414247917522
2673.340883014273	104.96508013113919
2712.225521559891	105.12457003020373
2751.6757501970797	105.28932090626174
2791.699795623158	105.45854926589621
2832.3060041955137	105.63944537116194
2873.502843672097	105.83967927154455
2915.2989049772345	106.06494174303664
2957.7029039931244	106.31611831101473
3000.723683377391	106.5852662481604
3044.370214407075	106.85243380328545
3088.6515988494466	107.10020775976335
3133.57707086003	107.32343112549592
3179.1559989082334	107.51343066183229
3225.3978877309914	107.67068356636138
3272.3123803148205	107.79096360301385
3319.9092599067053	107.87226828750786
3368.198452054235	107.91406334153734
3417.190026675413	107.91746064041547
3466.8942001585724	107.8850159532229
3517.3213374928373	107.82005741225267
3568.4819544295697	107.7254260193879
3620.386719675257	107.60207550845521
3673.0464571162966	107.44834058920219
3726.472148076138	107.26029309779815
3780.6749336052594	107.0306363960412
3835.6661168044484	106.7712240970981
3891.45716518188	106.48484763934457
3948.059713044477	106.19342376141921
4005.4855639240527	105.94675038263723
4063.746693038744	105.77149774719958
4122.855249790247	105.68994848998042
4182.823560297375	105.69918480571619
4243.664129966465	105.78328037941479
4305.389646099183	105.91609603668988
4368.012980538242	106.08027822568548
4431.5471923516225	106.25080924542894
4496.00553055582	106.40132928923856
4561.401436878714	106.49462574186154
4627.748548562617	106.51167689481201
4695.060701208099	106.40596066549416
4763.351931659176	106.16883470618045
4832.63648093046	105.77982362920456
4902.928797176889	105.21114973113107
4974.243538706657	104.49794670270495
5046.595577037959	103.62048665767118
5120.000000000202	102.62063371428282
5194.472114880326	101.50119914053509
5270.027451614888	100.28531839920456
5346.6817660285715	99.0042292503905
5424.451043119808	97.69362123520771
5503.351500394186	96.42125308279284
5583.399591246343	95.32584805131216
5664.612008391055	94.65691947367061
5747.005687344222	94.52239096913225
5830.597809954497	94.96672907878089
5915.405807986278	95.90751733946226
6001.447366754812	97.14046789101269
6088.740428814181	98.45068869193577
6177.303197698925	99.70458688671995
6267.154141720092	100.84050971545442
6358.3119978165005	101.81376459280497
6450.795775462017	102.62149961875369
6544.624760629676	103.25433762797803
6639.818519813445	103.7261375588842
6736.396904108505	104.06587394696851
6834.380053350861	104.3128961008693
6933.788400317181	104.50969925031028
7034.642674985712	104.69532044360064
7136.963908859177	104.90085531011722
7240.773439350552	105.145433675339
7346.092914232631	105.43360741510647
7452.944296152315	105.75501335468357
7561.349867210557	106.08040018072332
7671.332233608935	106.36350758750689
7782.914330363799	106.55669694787241
7896.119426088994	106.60491243533846
8010.971127848146	106.44800743892407
8127.49338607753	106.07442158093124
8245.710499580537	105.5020388701348
8365.647120594791	104.76896824849345
8487.328259932974	103.94089798623725
8610.77929219841	103.06078438066824
8736.025961076528	102.17469962439671
8863.094384703289	101.3215596051222
8992.011061111683	100.52758070290211
9122.802873757471	99.81988141417122
9255.497097125279	99.21594328438134
9390.121402416245	98.71554448500596
9526.7038633184	98.30956042278008
9665.272961860968	97.96767919080894
9805.857594353829	97.64487245861135
9948.487077413367	97.28228067136064
10093.19115407597	96.79524596162564
10240.000000000457	96.1304731999977
10388.944229760706	95.26227754994902
10540.05490322983	94.22100379767036
10693.363532057198	93.1203459612441
10848.902086239672	92.05540383925165
11006.703000788428	91.06437660730744
11166.799182492743	90.12393990623575
11329.224016782166	89.25175924805686
11494.0113746885	88.48216516298102
11661.195619909053	87.97740450089282
11830.811615972614	87.64295685254001
12002.894733509682	87.51102138818248
12177.48085762842	87.43921729800867
12354.606395397908	87.40845153144544
12534.308283440243	87.37456014832436
12716.62399563306	87.32661689162755
12901.591550924093	87.23476796241322
13089.249521259411	87.11404169227458
13279.637039626952	86.90201245521051
13472.793808217073	86.55791487590612
13668.760106701786	86.06008243346379
13867.576800634426	85.40883040081418
14069.285349971487	84.6429046598932
14273.927817718419	83.8268662162315
14481.54687870117	83.05577694671196
14692.18582846533	82.43135171616557
14905.888592304698	82.01910990796024
15122.699734421185	81.90178787165998
15342.664467217943	82.14169508520135
15565.828660727671	82.72496962597633
15792.238852178061	83.4867900632205
16021.942255696367	84.07254830070382
16254.986772155136	84.03162677648801
16491.42099916115	82.98963654891291
16731.294241189662	80.93791388523695
16974.65651986603	78.06858942578276
17221.558584396902	74.59175780519813
17472.051922153143	70.69523515046274
17726.188769406665	66.62151947319761
17984.022122223458	62.99519937876279
18245.605747515034	60.95613457762994
18510.99419425065	60.73537114592808
18780.242804832582	61.14250018132549
19053.40772663689	61.2779165574163
19330.545923722028	60.71725494217531
19611.71518870775	59.54193531821194
19896.974154826825	58.862068
20186.382308152035	58.862068