20	104.961494
20.290906698750476	104.961494
20.586044732869844	104.96341526743488
20.885475648548283	104.96099681429278
21.189261887185914	104.9587506458407
21.49746679841394	104.95752156747096
21.810154653305165	104.9565153972474
22.12739065777668	104.95508236518776
22.449240966187475	104.953599852443
22.77577269513385	104.95328275287659
23.107053937445478	104.95546998358157
23.44315377638505	104.96067254640025
23.784142300054445	104.96790631179022
24.130090616010463	104.97486197955676
24.481070866093134	104.97784752799132
24.837156241469714	104.97570185940403
25.1984209978975	104.96603112029706
25.56494047120865	104.95196480271008
25.936791093020236	104.93631454630588
26.3140504066728	104.92239866340762
26.69679708340074	104.91285288663093
27.08511093873791	104.90615485929195
27.47907294916184	104.90059947104274
27.878765268980047	104.89361030741331
28.284271247461966	104.8831136172232
28.695675446220072	104.8679676342488
29.11306365684382	104.84664027079639
29.536522918790062	104.81843352610862
29.966141537533712	104.78645615307829
30.402009102982383	104.7597779002313
30.844216508158908	104.74744462611257
31.29285596815558	104.74458858897148
31.74802103936409	104.74084828601357
32.20980663898519	104.72714115868636
32.67830906482211	104.70284241937975
33.153626015361866	104.6767106213085
33.63585661014871	104.6577658500724
34.125101410453844	104.64542722913895
34.62146244024586	104.63148756877304
35.12504320746613	104.61163686641372
35.635948725613716	104.59059043686318
36.15428553564419	104.57397244466684
36.68016172818701	104.55899205973526
37.21368696608603	104.53766459590072
37.754972507267915	104.50807143570346
38.30413122794313	104.47662640639709
38.86127764614443	104.45206437626007
39.4265279456077	104.43222123969349
40.000000000000206	104.40648699999998
40.58181339750116	104.36842270127649
41.1720894657399	104.32781990901908
41.77095129709678	104.29401883548488
42.37852377437204	104.26338567693792
42.9949335968281	104.22902329871351
43.62030930661056	104.19455330920225
44.25478131555359	104.16564400610675
44.89848193237519	104.13540387265024
45.55154539026795	104.09927428387323
46.21410787489121	104.06334398978579
46.88630755277036	104.03343089579045
47.56828460010916	103.99993708743003
48.260181232021196	103.95724862797681
48.962141732186545	103.9128508829981
49.674312482939705	103.8722817247075
50.39684199579528	103.836776063451
51.129880942417586	103.79862854252809
51.873582186040764	103.75079648998646
52.628100813345895	103.70275463355867
53.393594166801776	103.65965979676557
54.17022187747612	103.61401386747507
54.95814589832399	103.57042583258227
55.75753053796041	103.53513730543767
56.56854249492426	103.48991217769786
57.39135089244048	103.44745772238207
58.226127313687975	103.39822204124049
59.073045837580466	103.30647215929166
59.932283075067765	103.21627544876091
60.804018205965114	103.2218813995779
61.68843301631817	103.20493570508683
62.58571193631152	103.15005593028404
63.49604207872855	103.100905413458
64.41961327797075	103.04779719909786
65.35661812964459	102.99256171846855
66.3072520307241	102.94206148127752
67.27171322029778	102.88591194897312
68.25020282090806	102.83256052178807
69.2429248804921	102.77921288345844
70.25008641493265	102.72309985001247
71.27189745122783	102.66795849762772
72.30857107128878	102.61110293997781
73.36032345637442	102.55295290586199
74.42737393217246	102.49529404787211
75.50994501453623	102.43826520204152
76.60826245588666	102.38027067486212
77.72255529228926	102.31933344242385
78.85305589121582	102.26095339657093
80.00000000000082	102.20168299999996
81.16362679500274	102.13945693188306
82.34417893148023	102.07648675744201
83.541902594194	102.01538211592069
84.75704754874454	101.95586568978776
85.98986719365665	101.89164607834269
87.24061861322157	101.82638859193678
88.50956263110764	101.76258151244703
89.79696386475084	101.70314477229218
91.10309078053635	101.63556075398549
92.42821574978288	101.57302790595325
93.77261510554118	101.51168493706497
95.13656920021877	101.43719881523856
96.52036246404286	101.36829340698598
97.92428346437356	101.30188212928087
99.34862496587989	101.24199782387147
100.79368399159105	101.17532174751359
102.25976188483567	101.10667474079811
103.74716437208203	101.03913760204479
105.25620162669229	100.97135828945626
106.78718833360406	100.9014740205501
108.34044375495276	100.83185723297387
109.9162917966485	100.7631206045318
111.51506107592134	100.69055751802142
113.13708498984903	100.62616600915706
114.78270178488147	100.5470628033209
116.45225462737648	100.48101347635415
118.14609167516147	100.41862905809515
119.86456615013608	100.28487281634952
121.60803641193078	100.2660674497377
123.3768660326369	100.2203265883392
125.17142387262359	100.13766464256666
126.99208415745765	100.07147991370918
128.83922655594208	99.99707831141272
130.71323625928977	99.93080743855757
132.61450406144883	99.86078331238099
134.5434264405962	99.79457579314803
136.50040564181674	99.72346344541526
138.48584976098482	99.65014811826333
140.50017282986593	99.57677083043573
142.5437949024563	99.50184823921778
144.61714214257822	99.43335342858964
146.7206469127495	99.35994383220336
148.8547478643456	99.285063467078
151.01989002907314	99.20845420778915
153.216524911774	99.13020272393287
155.4451105845792	99.05317682216857
157.70611178243232	98.97685431291282
160.00000000000236	98.89340999999992
162.3272535900062	98.81574023868713
164.6883578629612	98.73432959607945
167.08380518838874	98.64792570744847
169.51409509748981	98.56493129936793
171.97973438731407	98.47146135106424
174.4812372264439	98.3781212911705
177.01912526221608	98.28370654902375
179.5939277295025	98.16589345944728
182.20618156107355	98.09548872565662
184.85643149956664	98.02148940135015
187.54523021108326	97.9891181310987
190.27313840043846	98.01935068455363
193.04072492808663	98.1012805834475
195.84856692874806	98.19426265616708
198.69724993176072	98.24734653114197
201.58736798318304	98.2521498707371
204.5195237696723	98.22000401823647
207.49432874416505	98.16892978596654
210.5124032533856	98.10595504818583
213.57437666720915	98.03672348931288
216.68088750990657	97.96928471246406
219.83258359329807	97.89466953162544
223.03012215184378	97.82808496562645
226.2741699796992	97.75922710349313
229.5654035697641	97.68816652616692
232.90450925475412	97.62567757082309
236.2921833503241	97.57085630265289
239.72913230027333	97.53857046345432
243.21607282386276	97.43424845307496
246.75373206527502	97.37639534267052
250.34284774524843	97.31928642801758
253.9841683149166	97.26414773129137
257.67845311188546	97.20448902727044
261.42647251858085	97.15049432177224
265.22900812289896	97.09223372624295
269.08685288119375	97.04033491185214
273.0008112836349	96.98732002901141
276.97169952197106	96.93488370211855
281.00034565973334	96.88434712903089
285.0875898049141	96.82929555367694
289.23428428515797	96.78179019237237
293.44129382550057	96.73388223009887
297.7094957286928	96.70922673562343
302.0397800581479	96.65881408418987
306.4330498235497	96.58754653739662
310.89022116916016	96.54006286983677
315.41222356486645	96.49289971725888
320.00000000000654	96.44784499999994
324.6545071800142	96.40418851535577
329.3767157259242	96.36090455248038
334.16761037677935	96.31771351113879
339.02819019498156	96.27626674538023
343.95946877463007	96.23609574638859
348.9624744528898	96.1937962010351
354.03825052443415	96.15308262521526
359.187855459007	96.10608557956202
364.4123631221491	96.07438579625804
369.71286299913527	96.03746994839459
375.0904604221685	95.9998577880846
380.54627680087896	95.9618486741788
386.08144985617537	95.92546503307523
391.6971338574982	95.88926066090261
397.3944998635236	95.85230563329212
403.1747359663683	95.8167446535323
409.0390475393468	95.7837539848772
414.9886574883323	95.74941281597923
421.0248065067734	95.71615171832352
427.1487533344206	95.68515208969642
433.3617750198154	95.65248332850678
439.6651671865984	95.6225613428007
446.06024430368984	95.59421495967648
452.54833995940066	95.5636681593457
459.13080713953053	95.53450687593403
465.8090185095106	95.50702354134067
472.58436670065066	95.47978957223286
479.45826460054917	95.44938612640158
486.432145647728	95.42667096021886
493.50746413055253	95.40148837425562
500.6856954904994	95.37388771627495
507.9683366298358	95.35097561692045
515.3569062237735	95.33072652877776
522.8529450371643	95.30539311015309
530.4580162458005	95.28365346338285
538.1737057623901	95.26557505678602
546.0016225672724	95.23930859747644
553.9433990439449	95.2212219212597
562.0006913194694	95.20045675631627
570.1751796098309	95.18564085660489
578.4685685703187	95.1655136309367
586.8825876510039	95.14755073182118
595.4189914573883	95.13353200412719
604.0795601162986	95.11967805416239
612.8660996471021	95.10237560959219
621.780442338323	95.08536780898172
630.8244471297356	95.0622168708303
640.0000000000159	95.05822000000016
649.3090143600314	95.14566236458808
658.7534314518515	95.18466324441218
668.3352207535618	95.15529030045792
678.0563803899662	95.138024899855
687.9189375492632	95.13073713474539
697.9249489057827	95.12695873379394
708.0765010488715	95.12630911475158
718.3757109180171	95.1186180719507
728.8247262443015	95.12492970541783
739.425725998274	95.1291831725654
750.1809208443404	95.12608610437378
761.0925536017613	95.11523630420199
772.1628997123541	95.10165382820504
783.3942677149998	95.08537925016344
794.7889997270506	95.06673811621854
806.34947193274	95.04626341721547
818.0780950786972	95.02903656794825
829.9773149766683	95.02072319258023
842.0496130135506	95.02125670301508
854.2975066688449	95.02984482233654
866.7235500396347	95.0496804121211
879.3303343732008	95.07851424789169
892.1204886073838	95.11411829333113
905.0966799188055	95.1600919928358
918.2616142790653	95.22575550641612
931.6180370190256	95.29306843560921
945.1687334013056	95.37218058626753
958.9165292011028	95.46325592061754
972.8642912954606	95.5709002873185
987.0149282611097	95.6955233944075
1001.3713909810035	95.82501500167466
1015.9366732596762	95.97048987512366
1030.7138124475518	96.11828903084444
1045.7058900743334	96.27428613608377
1060.916032491606	96.42626605729762
1076.3474115247852	96.57636180646678
1092.0032451345498	96.71982779540457
1107.8867980878947	96.85745881097016
1124.0013826389438	96.99220711699533
1140.350359219667	97.11981792941083
1156.9371371406426	97.2478296456994
1173.765175302013	97.37453910494355
1190.837982914782	97.49759917333004
1208.1591202326028	97.61956331476678
1225.73219929421	97.7366205113404
1243.5608846766518	97.85462451258162
1261.648894259477	97.96601784635759
1280.0000000000375	98.07994100000022
1298.6180287200684	98.1859871638148
1317.5068629037087	98.29298346870908
1336.6704415071292	98.39453074542803
1356.112760779938	98.4961784421301
1375.8378750985323	98.59603902775132
1395.8498978115715	98.69191229920493
1416.153002097749	98.78623471230041
1436.7514218360407	98.87964683754609
1457.6494524886093	98.9707496899736
1478.8514519965543	99.06159491304692
1500.3618416886875	99.14542606002189
1522.1851072035295	99.24078238222368
1544.3257994247153	99.33506667935151
1566.788535430007	99.42850957147962
1589.5779994541087	99.52125406411763
1612.6989438654878	99.61292948854182
1636.156190157402	99.7070807428357
1659.9546299533442	99.8045418037544
1684.099226027109	99.90144374027476
1708.5950133376978	100.00089796045908
1733.4471000792773	100.10455785767883
1758.6606687464096	100.20697974362288
1784.2409772147755	100.31348422341355
1810.193359837619	100.4210159736692
1836.5232285581387	100.52955896221593
1863.2360740380593	100.64090456349915
1890.3374668026197	100.75486002016486
1917.833058402214	100.86842609228286
1945.7285825909298	100.98479805616586
1974.0298565222283	101.10358186900258
2002.7427819620161	101.2236093382567
2031.8733465193618	101.34071594669881
2061.4276248951132	101.46238153952628
2091.411780148677	101.58682993200732
2121.832064983222	101.70790414552498
2152.694823049581	101.83045527569622
2184.0064902691106	101.95201607665219
2215.7735961758003	102.07139591165989
2248.002765277899	102.19096423152823
2280.7007184393456	102.3109750329913
2313.874274281297	102.4279852105011
2347.530350604038	102.54159214833304
2381.6759658295764	102.65230837573816
2416.318240465218	102.7616805014538
2451.4643985884327	102.86615687814104
2487.1217693533167	102.96763665896023
2523.2977885189675	103.06443918369978
2560.0000000000887	103.15687950000022
2597.236057440151	103.24653557451371
2635.0137258074315	103.33095311411384
2673.340883014273	103.40983625298297
2712.225521559891	103.48627598253772
2751.6757501970797	103.55661612007113
2791.699795623158	103.62270141068909
2832.3060041955137	103.6830123065224
2873.502843672097	103.73924025950365
2915.2989049772345	103.79184120239802
2957.7029039931244	103.84055136318827
3000.723683377391	103.88290632980774
3044.370214407075	103.9235749374144
3088.6515988494466	103.95971422488597
3133.57707086003	103.99238433060685
3179.1559989082334	104.01942353860694
3225.3978877309914	104.04134911016993
3272.3123803148205	104.0583172840753
3319.9092599067053	104.06892751951922
3368.198452054235	104.07022318941294
3417.190026675413	104.06090047084412
3466.8942001585724	104.04235225492468
3517.3213374928373	104.01455610632799
3568.4819544295697	103.9742221861792
3620.386719675257	103.9206830802574
3673.0464571162966	103.85526717413647
3726.472148076138	103.77714213123639
3780.6749336052594	103.68221943452707
3835.6661168044484	103.57600059787855
3891.45716518188	103.45511002692103
3948.059713044477	103.32143815742057
4005.4855639240527	103.1758351611488
4063.746693038744	103.01541213102705
4122.855249790247	102.84385297274595
4182.823560297375	102.65891124654217
4243.664129966465	102.46587281049212
4305.389646099183	102.2627044501599
4368.012980538242	102.05148948291172
4431.5471923516225	101.83015051007703
4496.00553055582	101.60473398422292
4561.401436878714	101.36706113665458
4627.748548562617	101.12537013867312
4695.060701208099	100.87496544757965
4763.351931659176	100.61962850612417
4832.63648093046	100.36001659215633
4902.928797176889	100.0968523153379
4974.243538706657	99.82739096986258
5046.595577037959	99.54128936669173
5120.000000000202	99.22623099999909
5194.472114880326	98.85415470836149
5270.027451614888	98.4265317777731
5346.6817660285715	98.29586773152607
5424.451043119808	98.73187264967021
5503.351500394186	99.01262936709901
5583.399591246343	98.85379386603756
5664.612008391055	98.60626947816705
5747.005687344222	98.36349361173792
5830.597809954497	98.14180550627083
5915.405807986278	97.94626934866007
6001.447366754812	97.77546589291335
6088.740428814181	97.61408537963581
6177.303197698925	97.47266625810941
6267.154141720092	97.34999402169503
6358.3119978165005	97.23439924780624
6450.795775462017	97.14344454711069
6544.624760629676	97.08950073949103
6639.818519813445	97.06928079000572
6736.396904108505	97.08874048094596
6834.380053350861	97.16305855140912
6933.788400317181	97.29254167985079
7034.642674985712	97.48433637219503
7136.963908859177	97.7390931355629
7240.773439350552	98.06125895242427
7346.092914232631	98.44528855108368
7452.944296152315	98.87154854733079
7561.349867210557	99.32913175141265
7671.332233608935	99.80284690168467
7782.914330363799	100.26709185203916
7896.119426088994	100.66846104336543
8010.971127848146	100.93670077997594
8127.49338607753	100.98435675380851
8245.710499580537	100.77186331101167
8365.647120594791	100.33881445516442
8487.328259932974	99.76355203064628
8610.77929219841	99.09452037684376
8736.025961076528	98.407496880426
8863.094384703289	97.77812691694224
8992.011061111683	97.23917098399323
9122.802873757471	96.80142490326219
9255.497097125279	96.41739321070966
9390.121402416245	96.01977683368781
9526.7038633184	95.5789552707764
9665.272961860968	95.1116455012579
9805.857594353829	94.63134320308512
9948.487077413367	94.17833884778092
10093.19115407597	93.76574645434687
10240.000000000457	93.412650999999
10388.944229760706	93.14873120403779
10540.05490322983	92.99751635370868
10693.363532057198	92.9375035200392
10848.902086239672	92.99354799234888
11006.703000788428	93.19516350212177
11166.799182492743	93.56207645046834
11329.224016782166	94.09584547575899
11494.0113746885	94.77535706830432
11661.195619909053	95.69683785544431
11830.811615972614	96.7061612922683
12002.894733509682	97.74482917725442
12177.48085762842	98.49378732301584
12354.606395397908	98.30443845997344
12534.308283440243	97.34907361538008
12716.62399563306	95.7388868760306
12901.591550924093	94.06743330121505
13089.249521259411	92.43123058988631
13279.637039626952	90.99138307795165
13472.793808217073	89.77171843114394
13668.760106701786	88.76012463710039
13867.576800634426	87.93295012280336
14069.285349971487	87.29531759575934
14273.927817718419	86.77610281944118
14481.54687870117	86.44073985677721
14692.18582846533	86.36188634158088
14905.888592304698	86.49928879000623
15122.699734421185	86.77945607257334
15342.664467217943	87.13439838817473
15565.828660727671	87.49544106653887
15792.238852178061	87.72222202784621
16021.942255696367	87.54590701798996
16254.986772155136	86.86886723365106
16491.42099916115	85.62387930745312
16731.294241189662	84.1532469181408
16974.65651986603	82.58270825851599
17221.558584396902	81.09357103618362
17472.051922153143	79.62916921558461
17726.188769406665	78.28686861380469
17984.022122223458	76.8384959492216
18245.605747515034	75.334127799441
18510.99419425065	74.19645495568498
18780.242804832582	73.64404908102037
19053.40772663689	73.21670858612184
19330.545923722028	71.208977369435
19611.71518870775	68.37869298372608
19896.974154826825	66.612198
20186.382308152035	66.612198