20	101.029449
20.290906698750476	101.029449
20.586044732869844	101.07222318282697
20.885475648548283	101.10930360499906
21.189261887185914	101.14637190419775
21.49746679841394	101.18829420029031
21.810154653305165	101.23419283089484
22.12739065777668	101.28514037903267
22.449240966187475	101.33752608650093
22.77577269513385	101.3883385388759
23.107053937445478	101.43519961048594
23.44315377638505	101.47705201885687
23.784142300054445	101.5141784190401
24.130090616010463	101.54913226737669
24.481070866093134	101.58386358175069
24.837156241469714	101.62024255465116
25.1984209978975	101.65911387164763
25.56494047120865	101.69877593340848
25.936791093020236	101.73733927946796
26.3140504066728	101.77359481159807
26.69679708340074	101.80805314415288
27.08511093873791	101.84324515083085
27.47907294916184	101.88047104210078
27.878765268980047	101.91712344764828
28.284271247461966	101.94715002782945
28.695675446220072	101.96869640362553
29.11306365684382	101.98259626316823
29.536522918790062	101.99442110954075
29.966141537533712	102.01531346297025
30.402009102982383	102.04821648166745
30.844216508158908	102.08788628818968
31.29285596815558	102.1249310728378
31.74802103936409	102.15525072148071
32.20980663898519	102.18152558446704
32.67830906482211	102.20623596465417
33.153626015361866	102.22951964770073
33.63585661014871	102.24898046253017
34.125101410453844	102.26431766068285
34.62146244024586	102.27926845418848
35.12504320746613	102.29722394174513
35.635948725613716	102.31667190611492
36.15428553564419	102.33361104088131
36.68016172818701	102.34730481667894
37.21368696608603	102.36082456759934
37.754972507267915	102.37614769833446
38.30413122794313	102.39193149476696
38.86127764614443	102.40495703076702
39.4265279456077	102.41550673423075
40.000000000000206	102.424988
40.58181339750116	102.43433874215597
41.1720894657399	102.44280805313171
41.77095129709678	102.44992234946218
42.37852377437204	102.45741455599617
42.9949335968281	102.46617175071535
43.62030930661056	102.47380568211751
44.25478131555359	102.47654124090761
44.89848193237519	102.47653113445915
45.55154539026795	102.47678007176715
46.21410787489121	102.47695256891325
46.88630755277036	102.47366189141836
47.56828460010916	102.47021270303992
48.260181232021196	102.47060269879017
48.962141732186545	102.46907332180348
49.674312482939705	102.46191809462695
50.39684199579528	102.45282874299228
51.129880942417586	102.44473432574011
51.873582186040764	102.43526800750854
52.628100813345895	102.42514634492633
53.393594166801776	102.41590381880589
54.17022187747612	102.40420871763932
54.95814589832399	102.38905002741116
55.75753053796041	102.37487286064109
56.56854249492426	102.36110038653385
57.39135089244048	102.34525359700191
58.226127313687975	102.32419479401818
59.073045837580466	102.29582554737506
59.932283075067765	102.27729351863694
60.804018205965114	102.26108323828335
61.68843301631817	102.23356221174016
62.58571193631152	102.2076956621608
63.49604207872855	102.18380312244113
64.41961327797075	102.15750474502521
65.35661812964459	102.13013773310213
66.3072520307241	102.1001594683649
67.27171322029778	102.06363356659656
68.25020282090806	102.03532590707407
69.2429248804921	102.00584979995719
70.25008641493265	101.95284338214763
71.27189745122783	101.9200274703222
72.30857107128878	101.88381394877572
73.36032345637442	101.84129472728439
74.42737393217246	101.80944829312908
75.50994501453623	101.75937979608686
76.60826245588666	101.69847700550903
77.72255529228926	101.64220655783585
78.85305589121582	101.60140224866028
80.00000000000082	101.55901299999995
81.16362679500274	101.50144048100795
82.34417893148023	101.44836592527773
83.541902594194	101.39878851731724
84.75704754874454	101.34230911482317
85.98986719365665	101.28333010539684
87.24061861322157	101.22294944824927
88.50956263110764	101.1596061130915
89.79696386475084	101.0917686507534
91.10309078053635	101.0200477847075
92.42821574978288	100.94722582367233
93.77261510554118	100.87693193831902
95.13656920021877	100.80425015471303
96.52036246404286	100.72803391232236
97.92428346437356	100.64959447535018
99.34862496587989	100.56886260081404
100.79368399159105	100.48526505367703
102.25976188483567	100.39838556276803
103.74716437208203	100.31340660334203
105.25620162669229	100.22343440125634
106.78718833360406	100.1284771066635
108.34044375495276	100.03157270665177
109.9162917966485	99.93612061998928
111.51506107592134	99.83194835660684
113.13708498984903	99.72734141341925
114.78270178488147	99.63207827236387
116.45225462737648	99.50788621052129
118.14609167516147	99.43181189830146
119.86456615013608	99.33115482230818
121.60803641193078	99.22421813780512
123.3768660326369	99.10953657104123
125.17142387262359	98.99575141644706
126.99208415745765	98.87787387566713
128.83922655594208	98.75549290695268
130.71323625928977	98.63059765626338
132.61450406144883	98.50289151588535
134.5434264405962	98.37131221455756
136.50040564181674	98.23795355636634
138.48584976098482	98.10715245649
140.50017282986593	97.96340356949781
142.5437949024563	97.8203609237342
144.61714214257822	97.679079465461
146.7206469127495	97.5367025157481
148.8547478643456	97.38832894042338
151.01989002907314	97.23603155449862
153.216524911774	97.08041081403024
155.4451105845792	96.91919589860856
157.70611178243232	96.75639475636096
160.00000000000236	96.59057599999983
162.3272535900062	96.4252646611918
164.6883578629612	96.26571664047957
167.08380518838874	96.09918587350275
169.51409509748981	95.93106731957361
171.97973438731407	95.76287709674375
174.4812372264439	95.58991667949063
177.01912526221608	95.41064917739735
179.5939277295025	95.22947661798595
182.20618156107355	95.04847555522484
184.85643149956664	94.86378993659842
187.54523021108326	94.67585396101784
190.27313840043846	94.47881420261909
193.04072492808663	94.28710023236602
195.84856692874806	94.08874684557024
198.69724993176072	93.88782489588074
201.58736798318304	93.68395189369274
204.5195237696723	93.48050926005358
207.49432874416505	93.27283814490752
210.5124032533856	93.06704703930822
213.57437666720915	92.85829969045348
216.68088750990657	92.64480410062804
219.83258359329807	92.43667470303609
223.03012215184378	92.22016116070657
226.2741699796992	92.0055871702909
229.5654035697641	91.7953702321306
232.90450925475412	91.59151949248022
236.2921833503241	91.37984400207561
239.72913230027333	91.16588705604337
243.21607282386276	90.92473843126564
246.75373206527502	90.70406013220116
250.34284774524843	90.51183805146442
253.9841683149166	90.29262509118955
257.67845311188546	90.09237984769099
261.42647251858085	89.84362927408931
265.22900812289896	89.68917251970196
269.08685288119375	89.53960900036066
273.0008112836349	89.25189992546188
276.97169952197106	89.0838799073001
281.00034565973334	88.92800906280878
285.0875898049141	88.73294716737256
289.23428428515797	88.5573628536567
293.44129382550057	88.38378294508932
297.7094957286928	88.21622341965444
302.0397800581479	88.05727096373094
306.4330498235497	87.88500928261996
310.89022116916016	87.76559687978369
315.41222356486645	87.59815831787442
320.00000000000654	87.4671249999998
324.6545071800142	87.32554978600693
329.3767157259242	87.2260982583609
334.16761037677935	87.17010635604507
339.02819019498156	87.03128203384917
343.95946877463007	86.92172283775133
348.9624744528898	86.84399836119078
354.03825052443415	86.76514472260408
359.187855459007	86.68678986567346
364.4123631221491	86.63032429678982
369.71286299913527	86.57964112233842
375.0904604221685	86.53054961106254
380.54627680087896	86.49753568675263
386.08144985617537	86.45730122433783
391.6971338574982	86.43476244819938
397.3944998635236	86.4138742437708
403.1747359663683	86.39939219397131
409.0390475393468	86.3908304834742
414.9886574883323	86.3838336920819
421.0248065067734	86.3850174213397
427.1487533344206	86.39117600914449
433.3617750198154	86.39569131177045
439.6651671865984	86.39911831931894
446.06024430368984	86.4112401269015
452.54833995940066	86.43240452519667
459.13080713953053	86.44408309277215
465.8090185095106	86.46123319431406
472.58436670065066	86.46158542891226
479.45826460054917	86.50050269158159
486.432145647728	86.53311840303479
493.50746413055253	86.55483970607864
500.6856954904994	86.5799572179223
507.9683366298358	86.60622479418174
515.3569062237735	86.6254045021865
522.8529450371643	86.65273781655142
530.4580162458005	86.68217392309062
538.1737057623901	86.70782121550755
546.0016225672724	86.73686352646413
553.9433990439449	86.76446635709655
562.0006913194694	86.79231729988416
570.1751796098309	86.81479041679394
578.4685685703187	86.83796048687176
586.8825876510039	86.86794271184145
595.4189914573883	86.88908178252908
604.0795601162986	86.91323650113974
612.8660996471021	86.94893039900676
621.780442338323	86.97181282929414
630.8244471297356	87.00426599979153
640.0000000000159	87.03696400000004
649.3090143600314	87.05937917567752
658.7534314518515	87.09380009117912
668.3352207535618	87.1393867662896
678.0563803899662	87.20705878609401
687.9189375492632	87.23520620542331
697.9249489057827	87.24498551532022
708.0765010488715	87.26674625481672
718.3757109180171	87.2865433855409
728.8247262443015	87.31554142066865
739.425725998274	87.33964043105682
750.1809208443404	87.34122407250443
761.0925536017613	87.36282001233681
772.1628997123541	87.38148954056858
783.3942677149998	87.41833971394203
794.7889997270506	87.45819892210645
806.34947193274	87.50029079309483
818.0780950786972	87.55031637421736
829.9773149766683	87.60716959896932
842.0496130135506	87.66823850384515
854.2975066688449	87.72699752288729
866.7235500396347	87.78382582654446
879.3303343732008	87.84979217022321
892.1204886073838	87.92790824454146
905.0966799188055	88.01555617978212
918.2616142790653	88.11556587497367
931.6180370190256	88.21794550452755
945.1687334013056	88.32482223985002
958.9165292011028	88.43966904654312
972.8642912954606	88.53284274162036
987.0149282611097	88.61375583258062
1001.3713909810035	88.63891070301841
1015.9366732596762	88.62907102245553
1030.7138124475518	88.57320402240758
1045.7058900743334	88.53360614916434
1060.916032491606	88.56649612591531
1076.3474115247852	88.603412006032
1092.0032451345498	88.71826119932865
1107.8867980878947	88.84941660786342
1124.0013826389438	89.0008434707454
1140.350359219667	89.15741474565787
1156.9371371406426	89.31144347157556
1173.765175302013	89.46130314432234
1190.837982914782	89.61159686392395
1208.1591202326028	89.76284681124507
1225.73219929421	89.90416366271491
1243.5608846766518	90.0488685928281
1261.648894259477	90.18264120350526
1280.0000000000375	90.31857300000026
1298.6180287200684	90.44214723993923
1317.5068629037087	90.56542732543022
1336.6704415071292	90.68730265463043
1356.112760779938	90.80110689968629
1375.8378750985323	90.91071941897458
1395.8498978115715	91.01809368819845
1416.153002097749	91.126625637724
1436.7514218360407	91.23262392016586
1457.6494524886093	91.33416394415255
1478.8514519965543	91.44100144702244
1500.3618416886875	91.5445731796354
1522.1851072035295	91.64639006136021
1544.3257994247153	91.7459255571
1566.788535430007	91.8551648222184
1589.5779994541087	91.96662089592252
1612.6989438654878	92.07817933781186
1636.156190157402	92.19184082457957
1659.9546299533442	92.30757225871743
1684.099226027109	92.42266362227647
1708.5950133376978	92.53804881953906
1733.4471000792773	92.65988041506809
1758.6606687464096	92.78559669168891
1784.2409772147755	92.9151976613716
1810.193359837619	93.05098559475637
1836.5232285581387	93.19019159477651
1863.2360740380593	93.33609050162842
1890.3374668026197	93.48360960140667
1917.833058402214	93.63485888069131
1945.7285825909298	93.79241022389817
1974.0298565222283	93.95814713550531
2002.7427819620161	94.12193002907175
2031.8733465193618	94.29233398718893
2061.4276248951132	94.46689594182618
2091.411780148677	94.64525704508782
2121.832064983222	94.82702822237457
2152.694823049581	95.01532469485221
2184.0064902691106	95.2058250292333
2215.7735961758003	95.39701859430389
2248.002765277899	95.59009675673441
2280.7007184393456	95.78269610412684
2313.874274281297	95.97702775484899
2347.530350604038	96.16876527393553
2381.6759658295764	96.35711353303486
2416.318240465218	96.54289206472983
2451.4643985884327	96.72187213938203
2487.1217693533167	96.89634725800596
2523.2977885189675	97.0603773572599
2560.0000000000887	97.21546900000035
2597.236057440151	97.3606865480958
2635.0137258074315	97.49320434167844
2673.340883014273	97.612261516531
2712.225521559891	97.71957118583542
2751.6757501970797	97.81398899423239
2791.699795623158	97.89149545155242
2832.3060041955137	97.94667944739699
2873.502843672097	97.97933450916004
2915.2989049772345	97.9837807562122
2957.7029039931244	97.95695561245196
3000.723683377391	97.90368507065261
3044.370214407075	97.82229719772147
3088.6515988494466	97.75765477253253
3133.57707086003	97.72008968494796
3179.1559989082334	97.71778005905577
3225.3978877309914	97.75894736826723
3272.3123803148205	97.84074904912165
3319.9092599067053	97.93861153632332
3368.198452054235	98.02509210338252
3417.190026675413	98.08247755031633
3466.8942001585724	98.11077128354748
3517.3213374928373	98.11520521235485
3568.4819544295697	98.11232506856967
3620.386719675257	98.10392993161427
3673.0464571162966	98.09786743991857
3726.472148076138	98.0886735279571
3780.6749336052594	98.07165005277648
3835.6661168044484	98.0477408537184
3891.45716518188	98.01272698037988
3948.059713044477	97.97203682378515
4005.4855639240527	97.92166975062872
4063.746693038744	97.85852674822326
4122.855249790247	97.78966021439398
4182.823560297375	97.7278915819462
4243.664129966465	97.68239587309864
4305.389646099183	97.66737491220168
4368.012980538242	97.68634783674797
4431.5471923516225	97.73898162280082
4496.00553055582	97.81242474790156
4561.401436878714	97.89441571008484
4627.748548562617	97.98584606157395
4695.060701208099	98.07710884118879
4763.351931659176	98.16812497079225
4832.63648093046	98.2514763187904
4902.928797176889	98.31767693251751
4974.243538706657	98.36449567959238
5046.595577037959	98.38492982313453
5120.000000000202	98.38514585714283
5194.472114880326	98.35453840466971
5270.027451614888	98.2860033948636
5346.6817660285715	98.18278727056796
5424.451043119808	98.04615411289639
5503.351500394186	97.86980015852542
5583.399591246343	97.6626595448352
5664.612008391055	97.42386798620385
5747.005687344222	97.16539155426715
5830.597809954497	96.89526238050617
5915.405807986278	96.62133744497339
6001.447366754812	96.34693041136326
6088.740428814181	96.08153714891594
6177.303197698925	95.83504514747338
6267.154141720092	95.6060072105419
6358.3119978165005	95.4098564069479
6450.795775462017	95.24708841058941
6544.624760629676	95.12647607071173
6639.818519813445	95.04932925973769
6736.396904108505	95.02062548603034
6834.380053350861	95.05052549163229
6933.788400317181	95.14431837786455
7034.642674985712	95.30413423913603
7136.963908859177	95.54324008512833
7240.773439350552	95.86425241884588
7346.092914232631	96.27048092937356
7452.944296152315	96.75502506977857
7561.349867210557	97.32013054884362
7671.332233608935	97.94154832849254
7782.914330363799	98.57230535732145
7896.119426088994	99.13928816943154
8010.971127848146	99.50205158111467
8127.49338607753	99.51226881792594
8245.710499580537	99.1078589849811
8365.647120594791	98.34615441817883
8487.328259932974	97.39356722951449
8610.77929219841	96.32895760528932
8736.025961076528	95.22477218022338
8863.094384703289	94.1435194094304
8992.011061111683	93.12013585987509
9122.802873757471	92.18767552587225
9255.497097125279	91.33501630942233
9390.121402416245	90.57375895178681
9526.7038633184	89.91990591023499
9665.272961860968	89.35219473393109
9805.857594353829	88.88520767331491
9948.487077413367	88.50232960611088
10093.19115407597	88.2236210279016
10240.000000000457	88.03859879999953
10388.944229760706	87.96676810135823
10540.05490322983	88.0048307740905
10693.363532057198	88.1592121625881
10848.902086239672	88.45299321333958
11006.703000788428	88.88845124362972
11166.799182492743	89.46882037247937
11329.224016782166	90.21297117245082
11494.0113746885	91.05893498011555
11661.195619909053	91.96303520731028
11830.811615972614	92.62328693275582
12002.894733509682	92.67512101519056
12177.48085762842	92.05601378742313
12354.606395397908	90.63884953674008
12534.308283440243	89.03436931639325
12716.62399563306	87.41927867771084
12901.591550924093	86.00597131923494
13089.249521259411	84.70272853617526
13279.637039626952	83.62377659465007
13472.793808217073	82.81899547376025
13668.760106701786	82.28821766310541
13867.576800634426	82.04593791595458
14069.285349971487	82.14714041138801
14273.927817718419	82.54063445192895
14481.54687870117	83.38725037397218
14692.18582846533	84.62232618081657
14905.888592304698	86.07110410240173
15122.699734421185	87.67826448121893
15342.664467217943	89.28381481682764
15565.828660727671	90.4098538314414
15792.238852178061	90.28424501100378
16021.942255696367	88.60535063247707
16254.986772155136	86.0500294581505
16491.42099916115	83.7850718425439
16731.294241189662	81.8990852746415
16974.65651986603	80.39015448327764
17221.558584396902	79.09300402078364
17472.051922153143	78.07017721002147
17726.188769406665	77.28607060853014
17984.022122223458	76.47715085409926
18245.605747515034	75.51699415490079
18510.99419425065	73.91397955716678
18780.242804832582	71.12434034685377
19053.40772663689	66.84560345510079
19330.545923722028	60.3451931270605
19611.71518870775	48.133372926065114
19896.974154826825	39.355942
20186.382308152035	39.355942