20	98.280998
20.290906698750476	98.280998
20.586044732869844	98.31019840456244
20.885475648548283	98.36614504253075
21.189261887185914	98.44583637203036
21.49746679841394	98.53250619823592
21.810154653305165	98.61520867648413
22.12739065777668	98.6777385430327
22.449240966187475	98.73078888443705
22.77577269513385	98.77803414684843
23.107053937445478	98.83051248468648
23.44315377638505	98.89224587350384
23.784142300054445	98.9600523183197
24.130090616010463	99.02754211874237
24.481070866093134	99.08786946020555
24.837156241469714	99.14220504662997
25.1984209978975	99.19283853449778
25.56494047120865	99.24568413885021
25.936791093020236	99.30359893892236
26.3140504066728	99.36640443081343
26.69679708340074	99.4309348816279
27.08511093873791	99.49380557417234
27.47907294916184	99.55211053224463
27.878765268980047	99.6070439614114
28.284271247461966	99.66061860556215
28.695675446220072	99.71469319679396
29.11306365684382	99.76884639543688
29.536522918790062	99.8207476253334
29.966141537533712	99.86544256871578
30.402009102982383	99.90315034357523
30.844216508158908	99.93862899164098
31.29285596815558	99.97843924421879
31.74802103936409	100.0253089107264
32.20980663898519	100.07588047283441
32.67830906482211	100.12648465376077
33.153626015361866	100.17553693942091
33.63585661014871	100.22515779829203
34.125101410453844	100.27723612221476
34.62146244024586	100.3290607291277
35.12504320746613	100.3750398617137
35.635948725613716	100.41341292215974
36.15428553564419	100.44894433595613
36.68016172818701	100.48740845285785
37.21368696608603	100.52917984857928
37.754972507267915	100.56973495396981
38.30413122794313	100.60794737696457
38.86127764614443	100.6445436286016
39.4265279456077	100.68245077419328
40.000000000000206	100.72114600000002
40.58181339750116	100.75864690753896
41.1720894657399	100.7944017561902
41.77095129709678	100.82709646240971
42.37852377437204	100.85607785294968
42.9949335968281	100.88609290089686
43.62030930661056	100.92005596172426
44.25478131555359	100.95400070655208
44.89848193237519	100.9849045785015
45.55154539026795	101.0157753114733
46.21410787489121	101.04786222153592
46.88630755277036	101.07278657345506
47.56828460010916	101.09144418143632
48.260181232021196	101.1137252755717
48.962141732186545	101.14089555539054
49.674312482939705	101.16534728533294
50.39684199579528	101.18622914897503
51.129880942417586	101.20580793277736
51.873582186040764	101.2230987714704
52.628100813345895	101.24016018471173
53.393594166801776	101.25843964286969
54.17022187747612	101.27549174024442
54.95814589832399	101.28992821595729
55.75753053796041	101.30236620801085
56.56854249492426	101.3123669414476
57.39135089244048	101.32383769713405
58.226127313687975	101.3356851975615
59.073045837580466	101.34130206607186
59.932283075067765	101.34319668418053
60.804018205965114	101.35479901665055
61.68843301631817	101.35831777810132
62.58571193631152	101.35666542444257
63.49604207872855	101.35938506009695
64.41961327797075	101.3595572291952
65.35661812964459	101.3558241677809
66.3072520307241	101.35319121912693
67.27171322029778	101.34964353581788
68.25020282090806	101.34167382998739
69.2429248804921	101.32801928830685
70.25008641493265	101.31719709004916
71.27189745122783	101.3066427326509
72.30857107128878	101.28844745752882
73.36032345637442	101.27242765685423
74.42737393217246	101.25567284041972
75.50994501453623	101.23091154934889
76.60826245588666	101.20790466036948
77.72255529228926	101.19062499867799
78.85305589121582	101.17271741146777
80.00000000000082	101.15084799999998
81.16362679500274	101.12557590221029
82.34417893148023	101.09626777123913
83.541902594194	101.06390806635083
84.75704754874454	101.03393910606732
85.98986719365665	100.9992978201496
87.24061861322157	100.96057960199981
88.50956263110764	100.91872974497207
89.79696386475084	100.87426805596697
91.10309078053635	100.83398486039654
92.42821574978288	100.78841172994566
93.77261510554118	100.74491641485551
95.13656920021877	100.69450373301937
96.52036246404286	100.63611204203882
97.92428346437356	100.58288597673665
99.34862496587989	100.53101767660345
100.79368399159105	100.47113923512269
102.25976188483567	100.40694792243661
103.74716437208203	100.33884096794112
105.25620162669229	100.27029474457851
106.78718833360406	100.20275664965438
108.34044375495276	100.13224725796269
109.9162917966485	100.05909819753768
111.51506107592134	99.98801912492124
113.13708498984903	99.9202446295797
114.78270178488147	99.83546326622604
116.45225462737648	99.7622686243567
118.14609167516147	99.6790798479247
119.86456615013608	99.58596225401412
121.60803641193078	99.50431878714593
123.3768660326369	99.41063363622797
125.17142387262359	99.31097119179357
126.99208415745765	99.21260312647033
128.83922655594208	99.1091797350054
130.71323625928977	99.00621682302139
132.61450406144883	98.89832165191456
134.5434264405962	98.78741538770906
136.50040564181674	98.67572349272926
138.48584976098482	98.56051919347772
140.50017282986593	98.4399404744286
142.5437949024563	98.31942263114908
144.61714214257822	98.19285372118183
146.7206469127495	98.06418015781469
148.8547478643456	97.93500687690313
151.01989002907314	97.80110782571695
153.216524911774	97.66328421639686
155.4451105845792	97.5268551207829
157.70611178243232	97.38530925019006
160.00000000000236	97.24548299999984
162.3272535900062	97.097536696579
164.6883578629612	96.95020367361776
167.08380518838874	96.79780088696533
169.51409509748981	96.63902835269646
171.97973438731407	96.47927204243595
174.4812372264439	96.31613612514532
177.01912526221608	96.15520390625504
179.5939277295025	95.97472138597693
182.20618156107355	95.80446903768224
184.85643149956664	95.63023629513519
187.54523021108326	95.4492357518049
190.27313840043846	95.26827363811039
193.04072492808663	95.083162209325
195.84856692874806	94.89922427217628
198.69724993176072	94.71125801178982
201.58736798318304	94.51971272199964
204.5195237696723	94.32579164520006
207.49432874416505	94.13233611148114
210.5124032533856	93.93885817769431
213.57437666720915	93.74208256571545
216.68088750990657	93.54659177461525
219.83258359329807	93.35015163630379
223.03012215184378	93.1456934035828
226.2741699796992	92.93728374188586
229.5654035697641	92.71691446805792
232.90450925475412	92.53931071501071
236.2921833503241	92.30256158948146
239.72913230027333	92.12265363745911
243.21607282386276	91.88937330780303
246.75373206527502	91.66240593502212
250.34284774524843	91.42389858944726
253.9841683149166	91.22871561394176
257.67845311188546	90.99618882688067
261.42647251858085	90.76923247546222
265.22900812289896	90.57301874066555
269.08685288119375	90.36457706579755
273.0008112836349	90.17596405872773
276.97169952197106	89.97388616906328
281.00034565973334	89.75975862472218
285.0875898049141	89.55476782517982
289.23428428515797	89.36823126200274
293.44129382550057	89.17603571452153
297.7094957286928	88.9829715356125
302.0397800581479	88.7882504707998
306.4330498235497	88.6036727930468
310.89022116916016	88.42224971570583
315.41222356486645	88.27917810612664
320.00000000000654	88.10344699999979
324.6545071800142	87.95540853733677
329.3767157259242	87.82300115233141
334.16761037677935	87.66387871717953
339.02819019498156	87.55248730126537
343.95946877463007	87.43235579695238
348.9624744528898	87.31195987413658
354.03825052443415	87.20977566752919
359.187855459007	87.100598888329
364.4123631221491	87.01454224390625
369.71286299913527	86.93583480752737
375.0904604221685	86.85819480658193
380.54627680087896	86.79895711114658
386.08144985617537	86.73850071503419
391.6971338574982	86.68980191832917
397.3944998635236	86.64664662901087
403.1747359663683	86.6114340322848
409.0390475393468	86.57804833236436
414.9886574883323	86.54935659023327
421.0248065067734	86.53749284583121
427.1487533344206	86.53247071815423
433.3617750198154	86.51852052725118
439.6651671865984	86.51509821812205
446.06024430368984	86.51887774052426
452.54833995940066	86.51893267730165
459.13080713953053	86.52868028099198
465.8090185095106	86.54063572663301
472.58436670065066	86.53616217777046
479.45826460054917	86.55108602465648
486.432145647728	86.57215526522575
493.50746413055253	86.60260668452725
500.6856954904994	86.61440011262034
507.9683366298358	86.62611606155325
515.3569062237735	86.6653867800193
522.8529450371643	86.69221750315491
530.4580162458005	86.71271307474778
538.1737057623901	86.73047193172347
546.0016225672724	86.75635811007038
553.9433990439449	86.77958058799958
562.0006913194694	86.80341243309887
570.1751796098309	86.83205997146379
578.4685685703187	86.85544566965459
586.8825876510039	86.8834511136597
595.4189914573883	86.90737686989618
604.0795601162986	86.93189355938088
612.8660996471021	86.95693648275784
621.780442338323	86.98824159600186
630.8244471297356	87.01316974323818
640.0000000000159	87.03942100000005
649.3090143600314	87.0685042226636
658.7534314518515	87.10932428069339
668.3352207535618	87.15851822605771
678.0563803899662	87.22346625618943
687.9189375492632	87.25521584008189
697.9249489057827	87.2606599032132
708.0765010488715	87.2808475695991
718.3757109180171	87.31119342114363
728.8247262443015	87.33730157397184
739.425725998274	87.35293321706725
750.1809208443404	87.36451443886676
761.0925536017613	87.37907601278155
772.1628997123541	87.40427613389025
783.3942677149998	87.43535834771208
794.7889997270506	87.47829617331163
806.34947193274	87.52815656513617
818.0780950786972	87.57851682304972
829.9773149766683	87.63379853786523
842.0496130135506	87.69339047824704
854.2975066688449	87.74952235999555
866.7235500396347	87.80539175062204
879.3303343732008	87.87011532178241
892.1204886073838	87.9556750063363
905.0966799188055	88.04667741448719
918.2616142790653	88.1461543272337
931.6180370190256	88.25455675701063
945.1687334013056	88.36454502634565
958.9165292011028	88.4664317319571
972.8642912954606	88.5635647098365
987.0149282611097	88.63941798484905
1001.3713909810035	88.65391184145683
1015.9366732596762	88.61447750382945
1030.7138124475518	88.55826403200544
1045.7058900743334	88.54046580840392
1060.916032491606	88.53213069232403
1076.3474115247852	88.63566272187926
1092.0032451345498	88.75879570669365
1107.8867980878947	88.89435381453322
1124.0013826389438	89.03405351886536
1140.350359219667	89.19666349279552
1156.9371371406426	89.35174326734474
1173.765175302013	89.50431440835281
1190.837982914782	89.65323553076503
1208.1591202326028	89.80403215543828
1225.73219929421	89.94697253673995
1243.5608846766518	90.09067578964748
1261.648894259477	90.23005790629502
1280.0000000000375	90.35882600000025
1298.6180287200684	90.48398702792986
1317.5068629037087	90.6110197765597
1336.6704415071292	90.72846628776816
1356.112760779938	90.84724860339672
1375.8378750985323	90.95397757075963
1395.8498978115715	91.06532013014049
1416.153002097749	91.16852344785764
1436.7514218360407	91.27238286159442
1457.6494524886093	91.37865066058117
1478.8514519965543	91.48005760614248
1500.3618416886875	91.58241346648755
1522.1851072035295	91.68370484397875
1544.3257994247153	91.78327846248084
1566.788535430007	91.89019171184401
1589.5779994541087	92.0018302406725
1612.6989438654878	92.1172767938448
1636.156190157402	92.23535954110586
1659.9546299533442	92.35388067848514
1684.099226027109	92.47457432437935
1708.5950133376978	92.59674813788104
1733.4471000792773	92.71606843200705
1758.6606687464096	92.84121176691161
1784.2409772147755	92.97162304449573
1810.193359837619	93.10431313865148
1836.5232285581387	93.24101005568185
1863.2360740380593	93.3824489754026
1890.3374668026197	93.53135878815965
1917.833058402214	93.68186196913652
1945.7285825909298	93.83718498099897
1974.0298565222283	94.00257755935957
2002.7427819620161	94.17231377752593
2031.8733465193618	94.344695232893
2061.4276248951132	94.51725985713456
2091.411780148677	94.69680898701841
2121.832064983222	94.8795568626999
2152.694823049581	95.06363661603676
2184.0064902691106	95.2537277687487
2215.7735961758003	95.4434379978284
2248.002765277899	95.63716703330745
2280.7007184393456	95.83204763169903
2313.874274281297	96.02486989139899
2347.530350604038	96.21815501924355
2381.6759658295764	96.40733354982628
2416.318240465218	96.59200890639578
2451.4643985884327	96.77224245687145
2487.1217693533167	96.94598529026699
2523.2977885189675	97.10772106598498
2560.0000000000887	97.26373300000037
2597.236057440151	97.40976359088957
2635.0137258074315	97.54476254703508
2673.340883014273	97.6667688483544
2712.225521559891	97.77597472707807
2751.6757501970797	97.86752277240414
2791.699795623158	97.94832682680388
2832.3060041955137	98.00841340288996
2873.502843672097	98.04713876207244
2915.2989049772345	98.06028889529995
2957.7029039931244	98.04357686807721
3000.723683377391	97.99355377615527
3044.370214407075	97.91709670806033
3088.6515988494466	97.85592021968687
3133.57707086003	97.80744582460729
3179.1559989082334	97.77185741451882
3225.3978877309914	97.76041622265446
3272.3123803148205	97.7867258309516
3319.9092599067053	97.85106407644594
3368.198452054235	97.93660107308312
3417.190026675413	98.0135537205514
3466.8942001585724	98.06575480366848
3517.3213374928373	98.09335019705364
3568.4819544295697	98.09818233877029
3620.386719675257	98.08966023503027
3673.0464571162966	98.07303134866362
3726.472148076138	98.05159384849637
3780.6749336052594	98.02293375931151
3835.6661168044484	97.99052764987734
3891.45716518188	97.95539016367178
3948.059713044477	97.92032983799383
4005.4855639240527	97.88278114283844
4063.746693038744	97.84826789856432
4122.855249790247	97.82689984196887
4182.823560297375	97.81122810744709
4243.664129966465	97.80437832845334
4305.389646099183	97.8068554436153
4368.012980538242	97.81961022782687
4431.5471923516225	97.84495142421832
4496.00553055582	97.88044830077482
4561.401436878714	97.92129933649103
4627.748548562617	97.96712947359052
4695.060701208099	98.01853320191026
4763.351931659176	98.07846428035879
4832.63648093046	98.13803097666441
4902.928797176889	98.19210460042684
4974.243538706657	98.23397742387878
5046.595577037959	98.25606727141965
5120.000000000202	98.25925971428569
5194.472114880326	98.2299855384556
5270.027451614888	98.16698766017551
5346.6817660285715	98.06952744493574
5424.451043119808	97.93329148366718
5503.351500394186	97.76425736509998
5583.399591246343	97.55725019038827
5664.612008391055	97.32101106597736
5747.005687344222	97.06355466668204
5830.597809954497	96.79182699450563
5915.405807986278	96.51545405710631
6001.447366754812	96.23722379802103
6088.740428814181	95.96386141012478
6177.303197698925	95.71007684879052
6267.154141720092	95.47109682519675
6358.3119978165005	95.26207785393862
6450.795775462017	95.08746794059881
6544.624760629676	94.95043113495406
6639.818519813445	94.8556940652116
6736.396904108505	94.81143694057022
6834.380053350861	94.82447679648457
6933.788400317181	94.89401790237439
7034.642674985712	95.02630028740242
7136.963908859177	95.23518016503698
7240.773439350552	95.5315495706946
7346.092914232631	95.90812126423921
7452.944296152315	96.36397668002692
7561.349867210557	96.90803231091938
7671.332233608935	97.51888914470004
7782.914330363799	98.16879468544612
7896.119426088994	98.80513854023208
8010.971127848146	99.31167989424713
8127.49338607753	99.53601954785847
8245.710499580537	99.36536132280553
8365.647120594791	98.78850650423853
8487.328259932974	97.94233370622253
8610.77929219841	96.91786234442957
8736.025961076528	95.81101242235937
8863.094384703289	94.69939674682699
8992.011061111683	93.63943180117404
9122.802873757471	92.65058519653046
9255.497097125279	91.76723630853118
9390.121402416245	90.97066006540652
9526.7038633184	90.26683742174808
9665.272961860968	89.64918533275936
9805.857594353829	89.15240980507389
9948.487077413367	88.74335283952583
10093.19115407597	88.43538630974038
10240.000000000457	88.2328539999995
10388.944229760706	88.1351388726544
10540.05490322983	88.14703267740974
10693.363532057198	88.28353092921472
10848.902086239672	88.54856977981694
11006.703000788428	88.95846183172675
11166.799182492743	89.50069721681236
11329.224016782166	90.21380218576637
11494.0113746885	91.0429371882938
11661.195619909053	91.92065050499328
11830.811615972614	92.58016644760329
12002.894733509682	92.67005406404878
12177.48085762842	92.11314667444842
12354.606395397908	90.7259581045954
12534.308283440243	89.12148584557332
12716.62399563306	87.49504070571129
12901.591550924093	86.04820534133957
13089.249521259411	84.69997450880295
13279.637039626952	83.56759701000415
13472.793808217073	82.72538796813082
13668.760106701786	82.13123345332755
13867.576800634426	81.82239188503033
14069.285349971487	81.83817422251614
14273.927817718419	82.13982199496603
14481.54687870117	82.83981527239342
14692.18582846533	83.96106604528235
14905.888592304698	85.2922502834984
15122.699734421185	86.7691671144183
15342.664467217943	88.31225679255398
15565.828660727671	89.65212953085836
15792.238852178061	90.17723292307626
16021.942255696367	89.19602816113598
16254.986772155136	86.86835852651777
16491.42099916115	84.56035380406863
16731.294241189662	82.56395542920676
16974.65651986603	80.94181191635687
17221.558584396902	79.60061700102074
17472.051922153143	78.50711079565212
17726.188769406665	77.66358966033599
17984.022122223458	76.78723605946257
18245.605747515034	75.83740461088246
18510.99419425065	74.13822480333829
18780.242804832582	71.30754600018153
19053.40772663689	66.82072567376645
19330.545923722028	60.92934906314025
19611.71518870775	50.356540271590575
19896.974154826825	41.629398
20186.382308152035	41.629398