20	98.241547
20.290906698750476	98.241547
20.586044732869844	98.30275390841068
20.885475648548283	98.35960925488106
21.189261887185914	98.4167503375823
21.49746679841394	98.47774851062405
21.810154653305165	98.54161418923684
22.12739065777668	98.60740931584708
22.449240966187475	98.67313284722478
22.77577269513385	98.73610798610775
23.107053937445478	98.7963443359009
23.44315377638505	98.85493610792011
23.784142300054445	98.91362406620388
24.130090616010463	98.97328857429986
24.481070866093134	99.03325856023595
24.837156241469714	99.09207247165607
25.1984209978975	99.14706902223928
25.56494047120865	99.19943503536635
25.936791093020236	99.25147802551491
26.3140504066728	99.30662284899869
26.69679708340074	99.3670816924807
27.08511093873791	99.42920017593013
27.47907294916184	99.48622167998325
27.878765268980047	99.53406257630279
28.284271247461966	99.57394513366681
28.695675446220072	99.6146286298396
29.11306365684382	99.66189475614439
29.536522918790062	99.71899750704287
29.966141537533712	99.78078267907887
30.402009102982383	99.83812260861978
30.844216508158908	99.88773844700339
31.29285596815558	99.93484628867161
31.74802103936409	99.98187497181443
32.20980663898519	100.0273729320696
32.67830906482211	100.06962168963621
33.153626015361866	100.11146147523237
33.63585661014871	100.15943656108105
34.125101410453844	100.21463396303206
34.62146244024586	100.26768269
35.12504320746613	100.30910932248452
35.635948725613716	100.34339837757791
36.15428553564419	100.38422965738016
36.68016172818701	100.43446600741927
37.21368696608603	100.48093950347057
37.754972507267915	100.51415038588264
38.30413122794313	100.542976326917
38.86127764614443	100.58347480210976
39.4265279456077	100.63473953553762
40.000000000000206	100.68113700000002
40.58181339750116	100.7121652119161
41.1720894657399	100.73655821446287
41.77095129709678	100.762995134059
42.37852377437204	100.79264372331485
42.9949335968281	100.82488666073174
43.62030930661056	100.86166210841229
44.25478131555359	100.89958173616253
44.89848193237519	100.92937018791305
45.55154539026795	100.94766357006026
46.21410787489121	100.96509809326427
46.88630755277036	100.99513314469736
47.56828460010916	101.02810511141132
48.260181232021196	101.0533428963442
48.962141732186545	101.0736837360726
49.674312482939705	101.09093677375691
50.39684199579528	101.10760053879852
51.129880942417586	101.12933643860426
51.873582186040764	101.15194054318142
52.628100813345895	101.16957467792419
53.393594166801776	101.17893166854466
54.17022187747612	101.17906439065115
54.95814589832399	101.20642150203439
55.75753053796041	101.25553631157739
56.56854249492426	101.23307943051014
57.39135089244048	101.23505481533654
58.226127313687975	101.28349807488888
59.073045837580466	101.27838202674597
59.932283075067765	101.16208168894036
60.804018205965114	101.25519651171827
61.68843301631817	101.30254300861611
62.58571193631152	101.24488800272583
63.49604207872855	101.24652865669346
64.41961327797075	101.26923734733755
65.35661812964459	101.27231527928629
66.3072520307241	101.26691119638834
67.27171322029778	101.25956308565831
68.25020282090806	101.26844351017053
69.2429248804921	101.25021676993852
70.25008641493265	101.22787849704909
71.27189745122783	101.2325529893377
72.30857107128878	101.1843646679829
73.36032345637442	101.155264275846
74.42737393217246	101.14734294431648
75.50994501453623	101.13344126068768
76.60826245588666	101.1212158077684
77.72255529228926	101.08237593243601
78.85305589121582	101.07421363356197
80.00000000000082	101.024612
81.16362679500274	101.01992160260114
82.34417893148023	100.95263279892438
83.541902594194	100.9488147128933
84.75704754874454	100.92912362948063
85.98986719365665	100.87159252260614
87.24061861322157	100.82646454034277
88.50956263110764	100.77069710792541
89.79696386475084	100.72332245906232
91.10309078053635	100.68116330444448
92.42821574978288	100.62142438768778
93.77261510554118	100.56504600936069
95.13656920021877	100.50342687021144
96.52036246404286	100.43851950480544
97.92428346437356	100.3783532650164
99.34862496587989	100.31049173527973
100.79368399159105	100.24249194327211
102.25976188483567	100.18495005453711
103.74716437208203	100.12748476909474
105.25620162669229	100.05639371465443
106.78718833360406	99.99098041895635
108.34044375495276	99.92048176981066
109.9162917966485	99.82837162324675
111.51506107592134	99.7440843173458
113.13708498984903	99.65132739504617
114.78270178488147	99.56088839257379
116.45225462737648	99.50723171468309
118.14609167516147	99.4087074167013
119.86456615013608	99.33351154249549
121.60803641193078	99.24547423133542
123.3768660326369	99.14627539630096
125.17142387262359	99.04180469957701
126.99208415745765	98.92907777556941
128.83922655594208	98.81840617889175
130.71323625928977	98.6994424366292
132.61450406144883	98.57490669833548
134.5434264405962	98.4422366711903
136.50040564181674	98.31408509525924
138.48584976098482	98.17658078205704
140.50017282986593	98.04178758954927
142.5437949024563	97.89306980529008
144.61714214257822	97.75168661637473
146.7206469127495	97.60459770447741
148.8547478643456	97.4561888945175
151.01989002907314	97.3083734979408
153.216524911774	97.1573949493436
155.4451105845792	96.9991018449025
157.70611178243232	96.83996957479356
160.00000000000236	96.67562899999983
162.3272535900062	96.50963531043922
164.6883578629612	96.33814948056796
167.08380518838874	96.15132499486911
169.51409509748981	95.97622767987764
171.97973438731407	95.79596402694855
174.4812372264439	95.60399045045132
177.01912526221608	95.39409244301515
179.5939277295025	95.21534892090706
182.20618156107355	95.00802457928971
184.85643149956664	94.79555348385087
187.54523021108326	94.5852745567239
190.27313840043846	94.37091511364748
193.04072492808663	94.15161471683791
195.84856692874806	93.92644701362289
198.69724993176072	93.70247172604377
201.58736798318304	93.46976092640126
204.5195237696723	93.23826549839275
207.49432874416505	93.00019923087072
210.5124032533856	92.76231540559803
213.57437666720915	92.5215829009964
216.68088750990657	92.2930796990508
219.83258359329807	92.04238286904021
223.03012215184378	91.82699495085413
226.2741699796992	91.61361115685655
229.5654035697641	91.39128034452293
232.90450925475412	91.17742829627342
236.2921833503241	90.96638584178618
239.72913230027333	90.71242109150205
243.21607282386276	90.50367817563779
246.75373206527502	90.28797294105192
250.34284774524843	90.07442046318664
253.9841683149166	89.88387744041704
257.67845311188546	89.66896670734138
261.42647251858085	89.48029824984214
265.22900812289896	89.31848779752583
269.08685288119375	89.13697868751588
273.0008112836349	88.98312742429815
276.97169952197106	88.84490099526366
281.00034565973334	88.69389888115697
285.0875898049141	88.5749531005645
289.23428428515797	88.4869013606321
293.44129382550057	88.39630867685166
297.7094957286928	88.32015564887324
302.0397800581479	88.25184011366635
306.4330498235497	88.19847708986187
310.89022116916016	88.17796080304058
315.41222356486645	88.16091719325462
320.00000000000654	88.14849899999999
324.6545071800142	88.13526716698865
329.3767157259242	88.16725567490654
334.16761037677935	88.1663805719704
339.02819019498156	88.21843527674552
343.95946877463007	88.28785468719579
348.9624744528898	88.34090861133315
354.03825052443415	88.39487770231045
359.187855459007	88.45987671564735
364.4123631221491	88.52391560395108
369.71286299913527	88.59528269097682
375.0904604221685	88.65613330947689
380.54627680087896	88.74064858159716
386.08144985617537	88.81408082179591
391.6971338574982	88.88262620347884
397.3944998635236	88.95532601464433
403.1747359663683	89.03727399348318
409.0390475393468	89.11164462675437
414.9886574883323	89.19373785509534
421.0248065067734	89.27333298988356
427.1487533344206	89.33864818796249
433.3617750198154	89.41300115891545
439.6651671865984	89.48165068128819
446.06024430368984	89.54364794147511
452.54833995940066	89.60586919294582
459.13080713953053	89.6769379738878
465.8090185095106	89.74525641494817
472.58436670065066	89.81132227670886
479.45826460054917	89.86230219391007
486.432145647728	89.90485299518656
493.50746413055253	89.97356336204436
500.6856954904994	90.01928205269485
507.9683366298358	90.07635884229425
515.3569062237735	90.11573669702726
522.8529450371643	90.16196961745653
530.4580162458005	90.21118266823237
538.1737057623901	90.24377172452093
546.0016225672724	90.28534738847726
553.9433990439449	90.32722771871163
562.0006913194694	90.35934900648051
570.1751796098309	90.39254417941775
578.4685685703187	90.42668640309029
586.8825876510039	90.4559485593687
595.4189914573883	90.48677497209691
604.0795601162986	90.52057488753626
612.8660996471021	90.55016532692042
621.780442338323	90.57831605013848
630.8244471297356	90.6020315884345
640.0000000000159	90.63085200000005
649.3090143600314	90.65467283684589
658.7534314518515	90.68742814733955
668.3352207535618	90.72318559764376
678.0563803899662	90.76673092844477
687.9189375492632	90.79741596994744
697.9249489057827	90.80310411257663
708.0765010488715	90.81915869938535
718.3757109180171	90.8482173418538
728.8247262443015	90.87105431587254
739.425725998274	90.88696331879933
750.1809208443404	90.90350203077553
761.0925536017613	90.91399811218544
772.1628997123541	90.94100685101411
783.3942677149998	90.96966382848308
794.7889997270506	91.00161465343663
806.34947193274	91.03991538108677
818.0780950786972	91.08534665135468
829.9773149766683	91.13325289414439
842.0496130135506	91.18342122045706
854.2975066688449	91.2399317124907
866.7235500396347	91.29495345822708
879.3303343732008	91.3549295397892
892.1204886073838	91.42998499878905
905.0966799188055	91.5111624184191
918.2616142790653	91.5987285836797
931.6180370190256	91.69471566800725
945.1687334013056	91.79217167330009
958.9165292011028	91.89155326060549
972.8642912954606	91.9825910638582
987.0149282611097	92.05605034047343
1001.3713909810035	92.0922132467072
1015.9366732596762	92.09193119729944
1030.7138124475518	92.06058122372895
1045.7058900743334	92.03366639810278
1060.916032491606	92.03199435035165
1076.3474115247852	92.08826429778793
1092.0032451345498	92.17445967434882
1107.8867980878947	92.29242047268754
1124.0013826389438	92.42218218055052
1140.350359219667	92.56463852956739
1156.9371371406426	92.71074129359809
1173.765175302013	92.86243497368174
1190.837982914782	93.00602570830353
1208.1591202326028	93.14990993256454
1225.73219929421	93.2882352062612
1243.5608846766518	93.42293424068505
1261.648894259477	93.55740636949764
1280.0000000000375	93.68329600000024
1298.6180287200684	93.80449245169984
1317.5068629037087	93.92514836912206
1336.6704415071292	94.0379352164386
1356.112760779938	94.15254993547228
1375.8378750985323	94.25917522132721
1395.8498978115715	94.36399116860122
1416.153002097749	94.4638351465506
1436.7514218360407	94.56449417542376
1457.6494524886093	94.66513992143078
1478.8514519965543	94.76174385193418
1500.3618416886875	94.86282931134198
1522.1851072035295	94.95795954451305
1544.3257994247153	95.06011197402842
1566.788535430007	95.1625648101606
1589.5779994541087	95.27083399797885
1612.6989438654878	95.38324714831127
1636.156190157402	95.49460929025642
1659.9546299533442	95.60562713067267
1684.099226027109	95.71933016345454
1708.5950133376978	95.83566390633572
1733.4471000792773	95.95444230893209
1758.6606687464096	96.07406649380262
1784.2409772147755	96.19928119243723
1810.193359837619	96.32979872532377
1836.5232285581387	96.46513949862913
1863.2360740380593	96.60229530227096
1890.3374668026197	96.74381369862508
1917.833058402214	96.89246496418777
1945.7285825909298	97.04690459702523
1974.0298565222283	97.20366176927436
2002.7427819620161	97.36676540006766
2031.8733465193618	97.53085702384578
2061.4276248951132	97.70125926691415
2091.411780148677	97.8724536661191
2121.832064983222	98.04914312216124
2152.694823049581	98.22959207655397
2184.0064902691106	98.41198183976638
2215.7735961758003	98.59558531809445
2248.002765277899	98.78081939572994
2280.7007184393456	98.96572147377456
2313.874274281297	99.15288299983851
2347.530350604038	99.33753455231479
2381.6759658295764	99.518597619955
2416.318240465218	99.69743890718196
2451.4643985884327	99.87055199993206
2487.1217693533167	100.03780236049758
2523.2977885189675	100.19654977854456
2560.0000000000887	100.34774000000036
2597.236057440151	100.49064926819503
2635.0137258074315	100.62576046651034
2673.340883014273	100.74778971754871
2712.225521559891	100.8602633485712
2751.6757501970797	100.9541344103804
2791.699795623158	101.03292192935112
2832.3060041955137	101.08990337936606
2873.502843672097	101.12659528131213
2915.2989049772345	101.13660045253961
2957.7029039931244	101.11637403696446
3000.723683377391	101.07714991067931
3044.370214407075	101.01923605531015
3088.6515988494466	100.98225893987917
3133.57707086003	100.95940258849986
3179.1559989082334	100.95809379102509
3225.3978877309914	100.9883943816997
3272.3123803148205	101.05692906621651
3319.9092599067053	101.15055040607355
3368.198452054235	101.2426313645399
3417.190026675413	101.31451204321938
3466.8942001585724	101.36077578282199
3517.3213374928373	101.3850067892275
3568.4819544295697	101.39618128901526
3620.386719675257	101.39704519957876
3673.0464571162966	101.39511548596681
3726.472148076138	101.39123813108309
3780.6749336052594	101.38347618040632
3835.6661168044484	101.3722701813759
3891.45716518188	101.35317233410932
3948.059713044477	101.3282764109638
4005.4855639240527	101.29947351990165
4063.746693038744	101.26621333415409
4122.855249790247	101.23110836973066
4182.823560297375	101.19389656889511
4243.664129966465	101.1591096694603
4305.389646099183	101.13211810831075
4368.012980538242	101.1158176879658
4431.5471923516225	101.12543468672095
4496.00553055582	101.16273654646892
4561.401436878714	101.22604610551636
4627.748548562617	101.30809045858473
4695.060701208099	101.40146494437352
4763.351931659176	101.49586230964077
4832.63648093046	101.58663681786317
4902.928797176889	101.66029728215806
4974.243538706657	101.71942283136953
5046.595577037959	101.75315770867387
5120.000000000202	101.7612937142857
5194.472114880326	101.73670313437185
5270.027451614888	101.6762271611098
5346.6817660285715	101.57732368363361
5424.451043119808	101.4418975491472
5503.351500394186	101.27029077642274
5583.399591246343	101.06357236110956
5664.612008391055	100.82916383616616
5747.005687344222	100.57690762952933
5830.597809954497	100.31168834803974
5915.405807986278	100.04072591512238
6001.447366754812	99.7732936562158
6088.740428814181	99.51813320284336
6177.303197698925	99.27872264986233
6267.154141720092	99.06406686473267
6358.3119978165005	98.8801919253457
6450.795775462017	98.729714080054
6544.624760629676	98.62279314416662
6639.818519813445	98.56224740089094
6736.396904108505	98.55288341564186
6834.380053350861	98.60305412349294
6933.788400317181	98.71522465548462
7034.642674985712	98.89760030207273
7136.963908859177	99.15636914711615
7240.773439350552	99.50419540489769
7346.092914232631	99.93431010332522
7452.944296152315	100.44245969716023
7561.349867210557	101.02249480518199
7671.332233608935	101.64061102634464
7782.914330363799	102.24254087264252
7896.119426088994	102.7417325025941
8010.971127848146	102.97681017708541
8127.49338607753	102.82750203792195
8245.710499580537	102.26929355903451
8365.647120594791	101.40184466784521
8487.328259932974	100.39303093304883
8610.77929219841	99.32066575513802
8736.025961076528	98.24435417289261
8863.094384703289	97.18920797772911
8992.011061111683	96.19027562446594
9122.802873757471	95.27206012930964
9255.497097125279	94.4539566859464
9390.121402416245	93.72090171419016
9526.7038633184	93.08720104827918
9665.272961860968	92.54232677358145
9805.857594353829	92.10562882417547
9948.487077413367	91.74576797193399
10093.19115407597	91.5008387591004
10240.000000000457	91.35106019999965
10388.944229760706	91.30692084631323
10540.05490322983	91.38119347279246
10693.363532057198	91.58314209374839
10848.902086239672	91.91978908503393
11006.703000788428	92.40153935032171
11166.799182492743	93.04343365283601
11329.224016782166	93.8570174249949
11494.0113746885	94.78210579760272
11661.195619909053	95.70398538963076
11830.811615972614	96.30750447094798
12002.894733509682	96.16421813941444
12177.48085762842	95.33145799612402
12354.606395397908	93.75435524239604
12534.308283440243	92.0771217104992
12716.62399563306	90.47665266603369
12901.591550924093	89.11537280891947
13089.249521259411	87.88012011700917
13279.637039626952	86.8775892395745
13472.793808217073	86.139563129976
13668.760106701786	85.68251763940343
13867.576800634426	85.5426219247236
14069.285349971487	85.76267903995533
14273.927817718419	86.26985674632063
14481.54687870117	87.23956860962393
14692.18582846533	88.58143039181468
14905.888592304698	90.13505729905418
15122.699734421185	91.80683919071816
15342.664467217943	93.34132115379948
15565.828660727671	94.1385260077122
15792.238852178061	93.4416821330754
16021.942255696367	91.361963938661
16254.986772155136	88.7866736058949
16491.42099916115	86.6209568927318
16731.294241189662	84.81004582105393
16974.65651986603	83.34173072324808
17221.558584396902	82.16258167354623
17472.051922153143	81.20278954131246
17726.188769406665	80.38904392575958
17984.022122223458	79.58884091365621
18245.605747515034	78.54534839919057
18510.99419425065	76.70030869481808
18780.242804832582	73.6688708123918
19053.40772663689	69.15758189688026
19330.545923722028	62.49836743055652
19611.71518870775	50.17726194139585
19896.974154826825	41.66243
20186.382308152035	41.66243