20	101.006248
20.290906698750476	101.006248
20.586044732869844	101.05378768885156
20.885475648548283	101.09984853045607
21.189261887185914	101.14626246279794
21.49746679841394	101.19301566170391
21.810154653305165	101.23962757138972
22.12739065777668	101.28415092606583
22.449240966187475	101.32767885741055
22.77577269513385	101.36986030577448
23.107053937445478	101.41157220976122
23.44315377638505	101.4528290641809
23.784142300054445	101.49275668256195
24.130090616010463	101.53119064311969
24.481070866093134	101.56743159855475
24.837156241469714	101.60297849829738
25.1984209978975	101.6391532602523
25.56494047120865	101.67666026607827
25.936791093020236	101.71495621464535
26.3140504066728	101.75256165539219
26.69679708340074	101.78725963188187
27.08511093873791	101.81939935266212
27.47907294916184	101.84906079410395
27.878765268980047	101.87771524895399
28.284271247461966	101.9054336887191
28.695675446220072	101.93213296950935
29.11306365684382	101.95768985190911
29.536522918790062	101.9825510376606
29.966141537533712	102.00830065919362
30.402009102982383	102.03599079456748
30.844216508158908	102.06519875762002
31.29285596815558	102.09408681965562
31.74802103936409	102.12068724949913
32.20980663898519	102.14439429158749
32.67830906482211	102.1652546716577
33.153626015361866	102.1845623096878
33.63585661014871	102.20410536488862
34.125101410453844	102.22512129623065
34.62146244024586	102.24714335425928
35.12504320746613	102.26782753092694
35.635948725613716	102.28462700265966
36.15428553564419	102.29709740788505
36.68016172818701	102.30775425052401
37.21368696608603	102.32030615699036
37.754972507267915	102.33577076765293
38.30413122794313	102.35152722099373
38.86127764614443	102.36215031702939
39.4265279456077	102.36813420549194
40.000000000000206	102.373337
40.58181339750116	102.38185186745532
41.1720894657399	102.39150216008889
41.77095129709678	102.39858875504514
42.37852377437204	102.40326410314653
42.9949335968281	102.4075356103245
43.62030930661056	102.41061727178922
44.25478131555359	102.41132475584645
44.89848193237519	102.41108517134532
45.55154539026795	102.41091517009319
46.21410787489121	102.41043054120382
46.88630755277036	102.40794591350074
47.56828460010916	102.40346842941511
48.260181232021196	102.3980970936553
48.962141732186545	102.39224276539933
49.674312482939705	102.3847418841844
50.39684199579528	102.37621845217718
51.129880942417586	102.36779524856439
51.873582186040764	102.3566424451197
52.628100813345895	102.34258744893306
53.393594166801776	102.33105216943054
54.17022187747612	102.32059142469159
54.95814589832399	102.30432174189147
55.75753053796041	102.28369408394452
56.56854249492426	102.26330363672973
57.39135089244048	102.2413846975942
58.226127313687975	102.21309573575466
59.073045837580466	102.17475739369786
59.932283075067765	102.15409445661078
60.804018205965114	102.15254761590377
61.68843301631817	102.1303596430616
62.58571193631152	102.097306867663
63.49604207872855	102.06618872758793
64.41961327797075	102.03459476345027
65.35661812964459	102.00187843531683
66.3072520307241	101.96861893274573
67.27171322029778	101.93396348405378
68.25020282090806	101.89509816430996
69.2429248804921	101.85327476030592
70.25008641493265	101.81464426497219
71.27189745122783	101.77240461255438
72.30857107128878	101.72684234698751
73.36032345637442	101.67950889910875
74.42737393217246	101.62902720436121
75.50994501453623	101.57851643592569
76.60826245588666	101.53157675023486
77.72255529228926	101.48592297640847
78.85305589121582	101.41730979384752
80.00000000000082	101.35623199999996
81.16362679500274	101.2975937901373
82.34417893148023	101.23809964455775
83.541902594194	101.16788366340815
84.75704754874454	101.10023446966166
85.98986719365665	101.03193387306995
87.24061861322157	100.96397131302625
88.50956263110764	100.88353251738818
89.79696386475084	100.81615336988925
91.10309078053635	100.73002852050693
92.42821574978288	100.65844416326571
93.77261510554118	100.56947500434329
95.13656920021877	100.48977696749374
96.52036246404286	100.39718863703959
97.92428346437356	100.30607912037168
99.34862496587989	100.21426682607576
100.79368399159105	100.12634178890384
102.25976188483567	100.03705038326602
103.74716437208203	99.94345641524824
105.25620162669229	99.83417564384055
106.78718833360406	99.72140196511887
108.34044375495276	99.60044469780138
109.9162917966485	99.48144196263341
111.51506107592134	99.37480515364
113.13708498984903	99.26417723905004
114.78270178488147	99.1810960468658
116.45225462737648	99.09940545028361
118.14609167516147	98.99903906770317
119.86456615013608	98.898442799315
121.60803641193078	98.77196974031301
123.3768660326369	98.64263397719361
125.17142387262359	98.5138741255681
126.99208415745765	98.37664705593032
128.83922655594208	98.23613791099756
130.71323625928977	98.09204316318177
132.61450406144883	97.94415498623732
134.5434264405962	97.78932568607924
136.50040564181674	97.6308328906889
138.48584976098482	97.47431671270692
140.50017282986593	97.31324272436616
142.5437949024563	97.14838236935559
144.61714214257822	96.97806631899553
146.7206469127495	96.80561447934504
148.8547478643456	96.63024721728738
151.01989002907314	96.45152008528189
153.216524911774	96.26918284563838
155.4451105845792	96.08328158993174
157.70611178243232	95.89505284208724
160.00000000000236	95.6986849999998
162.3272535900062	95.49571776720408
164.6883578629612	95.29882747256858
167.08380518838874	95.08961498940084
169.51409509748981	94.88267461707156
171.97973438731407	94.66808462155208
174.4812372264439	94.44872677779706
177.01912526221608	94.20783582542504
179.5939277295025	94.00354029700382
182.20618156107355	93.77898998929453
184.85643149956664	93.54725118785007
187.54523021108326	93.31741139921043
190.27313840043846	93.08353795753685
193.04072492808663	92.84843334193873
195.84856692874806	92.60397950165152
198.69724993176072	92.3603077846291
201.58736798318304	92.10989809118439
204.5195237696723	91.85899826940934
207.49432874416505	91.61474677031795
210.5124032533856	91.37963782995418
213.57437666720915	91.15506902148674
216.68088750990657	90.97296088978797
219.83258359329807	90.7238316396086
223.03012215184378	90.54611184004962
226.2741699796992	90.34103205640506
229.5654035697641	90.1341174762906
232.90450925475412	89.93713036244613
236.2921833503241	89.69438953202433
239.72913230027333	89.43718631659212
243.21607282386276	89.32014980853941
246.75373206527502	89.10750022712331
250.34284774524843	88.96633547152102
253.9841683149166	88.80577508232207
257.67845311188546	88.62774521276896
261.42647251858085	88.47095940202323
265.22900812289896	88.35305170460929
269.08685288119375	88.13385430647378
273.0008112836349	88.07726823006236
276.97169952197106	88.067908378101
281.00034565973334	88.00437081206091
285.0875898049141	87.94545093798777
289.23428428515797	87.88844798764565
293.44129382550057	87.86638058876804
297.7094957286928	87.87534208723201
302.0397800581479	87.87593768914503
306.4330498235497	87.8667088433415
310.89022116916016	87.90289033664806
315.41222356486645	87.92801544461048
320.00000000000654	87.98021700000007
324.6545071800142	88.02748910582166
329.3767157259242	88.06113081242984
334.16761037677935	88.10432164173478
339.02819019498156	88.19245661694204
343.95946877463007	88.28507062362425
348.9624744528898	88.35445515172687
354.03825052443415	88.42394667021964
359.187855459007	88.51966889790931
364.4123631221491	88.60027717952048
369.71286299913527	88.67636954271202
375.0904604221685	88.7578762777858
380.54627680087896	88.84088184757383
386.08144985617537	88.92017031700536
391.6971338574982	88.99953549830407
397.3944998635236	89.0816924125825
403.1747359663683	89.15887410933439
409.0390475393468	89.23031885934617
414.9886574883323	89.30577756618962
421.0248065067734	89.38172880078137
427.1487533344206	89.45435345871485
433.3617750198154	89.5218211596534
439.6651671865984	89.5852437506067
446.06024430368984	89.6503441572275
452.54833995940066	89.70819647119568
459.13080713953053	89.76798676997369
465.8090185095106	89.82135940189771
472.58436670065066	89.89494408344292
479.45826460054917	89.94139696116815
486.432145647728	89.98468651663987
493.50746413055253	90.03250315249038
500.6856954904994	90.08100974009766
507.9683366298358	90.1152909526008
515.3569062237735	90.16945238321355
522.8529450371643	90.20016743589755
530.4580162458005	90.23992179410351
538.1737057623901	90.27177511190628
546.0016225672724	90.30790350811733
553.9433990439449	90.3402270615095
562.0006913194694	90.37406439279239
570.1751796098309	90.40694080248495
578.4685685703187	90.43349042856417
586.8825876510039	90.45892926503306
595.4189914573883	90.48306494721545
604.0795601162986	90.50891099526432
612.8660996471021	90.53681349581808
621.780442338323	90.5589459657239
630.8244471297356	90.57842830081036
640.0000000000159	90.60625500000005
649.3090143600314	90.62758939911032
658.7534314518515	90.65596637833097
668.3352207535618	90.69025556707503
678.0563803899662	90.72749924552015
687.9189375492632	90.7501197895877
697.9249489057827	90.76167159111304
708.0765010488715	90.7748284162508
718.3757109180171	90.79195636546869
728.8247262443015	90.81556540964831
739.425725998274	90.8292811530292
750.1809208443404	90.84051939857191
761.0925536017613	90.85501823059833
772.1628997123541	90.87758250638778
783.3942677149998	90.90676289878678
794.7889997270506	90.94095410763752
806.34947193274	90.97973998121157
818.0780950786972	91.01940777149527
829.9773149766683	91.06287093447622
842.0496130135506	91.11553801267796
854.2975066688449	91.16936403137397
866.7235500396347	91.22076838058179
879.3303343732008	91.27875536344261
892.1204886073838	91.34837542866352
905.0966799188055	91.43078390162557
918.2616142790653	91.52008670082824
931.6180370190256	91.61481080632603
945.1687334013056	91.7112177158129
958.9165292011028	91.81385710455287
972.8642912954606	91.902324090271
987.0149282611097	91.9716578563279
1001.3713909810035	92.0024569038223
1015.9366732596762	91.992048188862
1030.7138124475518	91.96317546457755
1045.7058900743334	91.92186567342522
1060.916032491606	91.93386553531877
1076.3474115247852	92.00164699681022
1092.0032451345498	92.07517920592545
1107.8867980878947	92.18790566734503
1124.0013826389438	92.32514477032568
1140.350359219667	92.4693011020015
1156.9371371406426	92.61394393609393
1173.765175302013	92.76073468706825
1190.837982914782	92.90445046688001
1208.1591202326028	93.04718175153798
1225.73219929421	93.187313102197
1243.5608846766518	93.32311580853458
1261.648894259477	93.45148697715616
1280.0000000000375	93.58187100000025
1298.6180287200684	93.7007742425052
1317.5068629037087	93.8209656213772
1336.6704415071292	93.93506799786788
1356.112760779938	94.04462747814578
1375.8378750985323	94.15147675712986
1395.8498978115715	94.25843960218678
1416.153002097749	94.36072750460777
1436.7514218360407	94.46136391313993
1457.6494524886093	94.5607720963904
1478.8514519965543	94.66186859124699
1500.3618416886875	94.76107756124385
1522.1851072035295	94.8613493557702
1544.3257994247153	94.96349243620844
1566.788535430007	95.06485130236865
1589.5779994541087	95.16817506366762
1612.6989438654878	95.27458406368922
1636.156190157402	95.3825123042204
1659.9546299533442	95.49159855478783
1684.099226027109	95.60425660990767
1708.5950133376978	95.72022169543911
1733.4471000792773	95.83816514871815
1758.6606687464096	95.96209634373204
1784.2409772147755	96.08936321575877
1810.193359837619	96.21938057573318
1836.5232285581387	96.35520957098926
1863.2360740380593	96.49376445131568
1890.3374668026197	96.63770137033578
1917.833058402214	96.78550600751292
1945.7285825909298	96.93797116886083
1974.0298565222283	97.09674210116937
2002.7427819620161	97.25702167345425
2031.8733465193618	97.42349060436872
2061.4276248951132	97.59361634221193
2091.411780148677	97.7655645736631
2121.832064983222	97.94517357220843
2152.694823049581	98.1243874471302
2184.0064902691106	98.30777454957702
2215.7735961758003	98.49333821482378
2248.002765277899	98.68029068260489
2280.7007184393456	98.8664219220241
2313.874274281297	99.0529758323245
2347.530350604038	99.23865407273176
2381.6759658295764	99.4209726306907
2416.318240465218	99.59958733271884
2451.4643985884327	99.77179872507148
2487.1217693533167	99.93707449723048
2523.2977885189675	100.09380365047811
2560.0000000000887	100.24343850000034
2597.236057440151	100.38027685275084
2635.0137258074315	100.5046396342649
2673.340883014273	100.6164656873414
2712.225521559891	100.71691108962051
2751.6757501970797	100.79991536144838
2791.699795623158	100.87114043427913
2832.3060041955137	100.92663876735767
2873.502843672097	100.9694534964111
2915.2989049772345	100.99264340577031
2957.7029039931244	100.98911268165595
3000.723683377391	100.9638473349933
3044.370214407075	100.906864570623
3088.6515988494466	100.86967271103971
3133.57707086003	100.85786194267715
3179.1559989082334	100.87591149428566
3225.3978877309914	100.9261259745421
3272.3123803148205	101.00813544661398
3319.9092599067053	101.10459561776854
3368.198452054235	101.19341478113171
3417.190026675413	101.26132009432983
3466.8942001585724	101.304211881854
3517.3213374928373	101.33012222052265
3568.4819544295697	101.34753863261425
3620.386719675257	101.36028395249197
3673.0464571162966	101.3645532429834
3726.472148076138	101.35871468868696
3780.6749336052594	101.33918153461514
3835.6661168044484	101.30792319616404
3891.45716518188	101.25794279482986
3948.059713044477	101.19684246700773
4005.4855639240527	101.13023791511952
4063.746693038744	101.06635808649717
4122.855249790247	101.01223645406891
4182.823560297375	100.97924751113328
4243.664129966465	100.96641623499008
4305.389646099183	100.982779761411
4368.012980538242	101.0335002191789
4431.5471923516225	101.11623410137982
4496.00553055582	101.2150584597443
4561.401436878714	101.32042615098966
4627.748548562617	101.42904362572715
4695.060701208099	101.5299817649612
4763.351931659176	101.62436845497724
4832.63648093046	101.70734852973295
4902.928797176889	101.76920330515702
4974.243538706657	101.8144170596619
5046.595577037959	101.83391687713456
5120.000000000202	101.82810128571423
5194.472114880326	101.79092363427297
5270.027451614888	101.71679976093886
5346.6817660285715	101.6077468470607
5424.451043119808	101.46453670000706
5503.351500394186	101.28873930731866
5583.399591246343	101.08176450470958
5664.612008391055	100.8502383192931
5747.005687344222	100.60430258702226
5830.597809954497	100.3481853477083
5915.405807986278	100.0873954522885
6001.447366754812	99.82967928756146
6088.740428814181	99.58709934422815
6177.303197698925	99.36255834183001
6267.154141720092	99.16084162038439
6358.3119978165005	98.99465907894677
6450.795775462017	98.8626222308368
6544.624760629676	98.77416893216294
6639.818519813445	98.73507653605863
6736.396904108505	98.74905788247914
6834.380053350861	98.8245056128165
6933.788400317181	98.96464386138962
7034.642674985712	99.17507288989587
7136.963908859177	99.4656504104131
7240.773439350552	99.8451019483892
7346.092914232631	100.30766340276485
7452.944296152315	100.84246165080978
7561.349867210557	101.43121985283335
7671.332233608935	102.02396859087473
7782.914330363799	102.54738836457507
7896.119426088994	102.89168990349998
8010.971127848146	102.89066547412439
8127.49338607753	102.47479460629926
8245.710499580537	101.69812635783273
8365.647120594791	100.70443832591732
8487.328259932974	99.64031271465338
8610.77929219841	98.54840972398948
8736.025961076528	97.47686257502113
8863.094384703289	96.44628256434683
8992.011061111683	95.48462002223333
9122.802873757471	94.61376628196761
9255.497097125279	93.83886263284502
9390.121402416245	93.15451760562033
9526.7038633184	92.57374236661693
9665.272961860968	92.08055191267742
9805.857594353829	91.6745684746326
9948.487077413367	91.36268941686869
10093.19115407597	91.15447427932034
10240.000000000457	91.04520259999981
10388.944229760706	91.03754597973803
10540.05490322983	91.1430316319893
10693.363532057198	91.36681590630455
10848.902086239672	91.72663928489088
11006.703000788428	92.23778422496464
11166.799182492743	92.90818932607253
11329.224016782166	93.74753114759613
11494.0113746885	94.69450939631025
11661.195619909053	95.61803028322434
11830.811615972614	96.2130481974353
12002.894733509682	96.0561831842118
12177.48085762842	95.21791169564231
12354.606395397908	93.66875681502125
12534.308283440243	92.02673541899433
12716.62399563306	90.46192920701895
12901.591550924093	89.1412203906204
13089.249521259411	87.95358724909674
13279.637039626952	87.00664870251445
13472.793808217073	86.3344703262353
13668.760106701786	85.94152676990339
13867.576800634426	85.87134232074538
14069.285349971487	86.1761267491636
14273.927817718419	86.77710164847913
14481.54687870117	87.8758731469333
14692.18582846533	89.36669917472965
14905.888592304698	91.09726081287289
15122.699734421185	92.86907621752404
15342.664467217943	94.1884077757819
15565.828660727671	94.29561313075196
15792.238852178061	92.69638735666696
16021.942255696367	90.21982170388573
16254.986772155136	87.77622760363805
16491.42099916115	85.71064551429652
16731.294241189662	84.04559064996144
16974.65651986603	82.66104613118465
17221.558584396902	81.58241833361562
17472.051922153143	80.69722653243606
17726.188769406665	80.01880996417806
17984.022122223458	79.27637191408303
18245.605747515034	78.35607934418071
18510.99419425065	76.65268308346776
18780.242804832582	73.99846017314678
19053.40772663689	69.97136124918948
19330.545923722028	62.906459727404055
19611.71518870775	53.01720020393977
19896.974154826825	49.678642
20186.382308152035	49.678642