20	106.267441
20.290906698750476	106.267441
20.586044732869844	106.30771991886812
20.885475648548283	106.34136042637742
21.189261887185914	106.37300017641485
21.49746679841394	106.40640552853263
21.810154653305165	106.4419087107895
22.12739065777668	106.48084684602762
22.449240966187475	106.52123364762521
22.77577269513385	106.56179922595499
23.107053937445478	106.60079893574202
23.44315377638505	106.63695799961815
23.784142300054445	106.6692388516201
24.130090616010463	106.69849723363679
24.481070866093134	106.72437400025115
24.837156241469714	106.74897995307285
25.1984209978975	106.77389128826759
25.56494047120865	106.80072214921651
25.936791093020236	106.83015085219793
26.3140504066728	106.86145782657984
26.69679708340074	106.89207623574998
27.08511093873791	106.91991111088838
27.47907294916184	106.94267643575961
27.878765268980047	106.96210807889999
28.284271247461966	106.98087467794736
28.695675446220072	107.00132524288082
29.11306365684382	107.0239681317575
29.536522918790062	107.04764934027621
29.966141537533712	107.0689678753755
30.402009102982383	107.0864137933552
30.844216508158908	107.10001769794394
31.29285596815558	107.11188334587034
31.74802103936409	107.12262477944755
32.20980663898519	107.1327400454967
32.67830906482211	107.14289263046383
33.153626015361866	107.15429571347185
33.63585661014871	107.16756640266244
34.125101410453844	107.18166652276463
34.62146244024586	107.19468780118689
35.12504320746613	107.2057195781143
35.635948725613716	107.21512359561221
36.15428553564419	107.22293811211344
36.68016172818701	107.22848348422808
37.21368696608603	107.23211421400374
37.754972507267915	107.23596364087182
38.30413122794313	107.2407556519373
38.86127764614443	107.24534459381506
39.4265279456077	107.24817508822774
40.000000000000206	107.249886
40.58181339750116	107.25242271486883
41.1720894657399	107.25387024524767
41.77095129709678	107.25133060320577
42.37852377437204	107.24651278248473
42.9949335968281	107.24309391858667
43.62030930661056	107.2410681047553
44.25478131555359	107.23845461821975
44.89848193237519	107.23485174167331
45.55154539026795	107.22921201460014
46.21410787489121	107.22017584556896
46.88630755277036	107.2094843868098
47.56828460010916	107.20091447651278
48.260181232021196	107.19586061525827
48.962141732186545	107.1921849066735
49.674312482939705	107.18578654674116
50.39684199579528	107.17462262489103
51.129880942417586	107.16389112130275
51.873582186040764	107.15848267346477
52.628100813345895	107.15810944191992
53.393594166801776	107.15628121670153
54.17022187747612	107.14558569942089
54.95814589832399	107.1291971792401
55.75753053796041	107.1179125604149
56.56854249492426	107.1017595212065
57.39135089244048	107.09671082000443
58.226127313687975	107.10526734679524
59.073045837580466	107.10230721397663
59.932283075067765	107.04025997458321
60.804018205965114	107.00335423646776
61.68843301631817	106.98968922789966
62.58571193631152	106.97312639936332
63.49604207872855	106.95882096797575
64.41961327797075	106.93678630492737
65.35661812964459	106.91092274799367
66.3072520307241	106.8915367453412
67.27171322029778	106.86862066735365
68.25020282090806	106.84275348018252
69.2429248804921	106.81823170833415
70.25008641493265	106.79397554131914
71.27189745122783	106.77056992086946
72.30857107128878	106.74619931120613
73.36032345637442	106.72095067887221
74.42737393217246	106.69195131838093
75.50994501453623	106.6613276856641
76.60826245588666	106.63298262682413
77.72255529228926	106.60449343100186
78.85305589121582	106.57294215576383
80.00000000000082	106.53593399999997
81.16362679500274	106.50321952056129
82.34417893148023	106.4695491641363
83.541902594194	106.43763610661158
84.75704754874454	106.39868000800494
85.98986719365665	106.36478468818896
87.24061861322157	106.32830354272541
88.50956263110764	106.28934930192733
89.79696386475084	106.25304029580114
91.10309078053635	106.21258493843679
92.42821574978288	106.17283679800966
93.77261510554118	106.12995078981632
95.13656920021877	106.08754388853355
96.52036246404286	106.04169105548218
97.92428346437356	105.99773555143973
99.34862496587989	105.95392510193135
100.79368399159105	105.90779695300922
102.25976188483567	105.86142872966768
103.74716437208203	105.81635801939193
105.25620162669229	105.77131362963176
106.78718833360406	105.72481001635505
108.34044375495276	105.67632240054286
109.9162917966485	105.62728413253899
111.51506107592134	105.57674170063807
113.13708498984903	105.52526372649623
114.78270178488147	105.47263510396509
116.45225462737648	105.41891272807872
118.14609167516147	105.36513407921815
119.86456615013608	105.30813157608345
121.60803641193078	105.246140821081
123.3768660326369	105.19363520025261
125.17142387262359	105.1380845818621
126.99208415745765	105.07844318853668
128.83922655594208	105.01801912036754
130.71323625928977	104.95763852772568
132.61450406144883	104.89571095783825
134.5434264405962	104.83377117771995
136.50040564181674	104.77003280690556
138.48584976098482	104.70567879816522
140.50017282986593	104.64072766912253
142.5437949024563	104.57375136173017
144.61714214257822	104.5079554338952
146.7206469127495	104.44163365467905
148.8547478643456	104.37339494001249
151.01989002907314	104.30458204894632
153.216524911774	104.23622854727397
155.4451105845792	104.1675636549049
157.70611178243232	104.09740548014038
160.00000000000236	104.02574899999993
162.3272535900062	103.95543056732724
164.6883578629612	103.88255222693611
167.08380518838874	103.81192568918001
169.51409509748981	103.73996888005867
171.97973438731407	103.66798920242323
174.4812372264439	103.59651185831059
177.01912526221608	103.52304002972465
179.5939277295025	103.45067561975928
182.20618156107355	103.37454432798928
184.85643149956664	103.29675550577812
187.54523021108326	103.2148967579493
190.27313840043846	103.14218023418537
193.04072492808663	103.0609410578313
195.84856692874806	102.9863283842359
198.69724993176072	102.91679228653514
201.58736798318304	102.84591833111459
204.5195237696723	102.77487937574396
207.49432874416505	102.70186016031474
210.5124032533856	102.62753435797185
213.57437666720915	102.55003225137601
216.68088750990657	102.47077614623207
219.83258359329807	102.3896840147207
223.03012215184378	102.30873214904332
226.2741699796992	102.22495195283898
229.5654035697641	102.14085637096491
232.90450925475412	102.05641414662311
236.2921833503241	101.96977342808817
239.72913230027333	101.88309701251941
243.21607282386276	101.79929026434638
246.75373206527502	101.71342066157958
250.34284774524843	101.62517142387689
253.9841683149166	101.53842515427583
257.67845311188546	101.44840317805007
261.42647251858085	101.36237661036225
265.22900812289896	101.27286512570026
269.08685288119375	101.18065655368963
273.0008112836349	101.09019347223182
276.97169952197106	100.99944643841762
281.00034565973334	100.91529549067161
285.0875898049141	100.84318569332495
289.23428428515797	100.77603992828416
293.44129382550057	100.70051390606501
297.7094957286928	100.61799228081439
302.0397800581479	100.53215100022254
306.4330498235497	100.44578771159128
310.89022116916016	100.3539840873987
315.41222356486645	100.26514334763434
320.00000000000654	100.17581199999987
324.6545071800142	100.08660836989503
329.3767157259242	99.99953946358494
334.16761037677935	99.90891007215025
339.02819019498156	99.82109632281686
343.95946877463007	99.73097234505369
348.9624744528898	99.6432276974453
354.03825052443415	99.55402829899951
359.187855459007	99.46696348747167
364.4123631221491	99.37698658199248
369.71286299913527	99.28918372067824
375.0904604221685	99.20162073611036
380.54627680087896	99.11686696687411
386.08144985617537	99.03072276509981
391.6971338574982	98.94799778680648
397.3944998635236	98.86721165486236
403.1747359663683	98.78693661093241
409.0390475393468	98.70669484883845
414.9886574883323	98.6260684434826
421.0248065067734	98.54533855728523
427.1487533344206	98.46290958827102
433.3617750198154	98.37675352997125
439.6651671865984	98.2959298304707
446.06024430368984	98.21467479989887
452.54833995940066	98.13119476328494
459.13080713953053	98.04873716050473
465.8090185095106	97.9671250351825
472.58436670065066	97.88695704113456
479.45826460054917	97.80734832604311
486.432145647728	97.72760263104894
493.50746413055253	97.64908400533518
500.6856954904994	97.57537503646095
507.9683366298358	97.50589408834097
515.3569062237735	97.430684017839
522.8529450371643	97.35806201785034
530.4580162458005	97.28513909095086
538.1737057623901	97.21972922677053
546.0016225672724	97.15049762000726
553.9433990439449	97.08462600610666
562.0006913194694	97.01569862077535
570.1751796098309	96.94980823352842
578.4685685703187	96.88671213031702
586.8825876510039	96.82353794884459
595.4189914573883	96.76357512053781
604.0795601162986	96.70562416010561
612.8660996471021	96.64772259141819
621.780442338323	96.58935703256888
630.8244471297356	96.53793432000582
640.0000000000159	96.48631999999992
649.3090143600314	96.4395384792351
658.7534314518515	96.39667730915296
668.3352207535618	96.35537908529948
678.0563803899662	96.31694712835674
687.9189375492632	96.28264878842737
697.9249489057827	96.2505034594329
708.0765010488715	96.22555861366455
718.3757109180171	96.2008435860356
728.8247262443015	96.18055913688605
739.425725998274	96.16615029279944
750.1809208443404	96.15541148637159
761.0925536017613	96.1513396287476
772.1628997123541	96.1517999602697
783.3942677149998	96.15909226484183
794.7889997270506	96.1734300198295
806.34947193274	96.19406064354116
818.0780950786972	96.2157882992115
829.9773149766683	96.22562473187502
842.0496130135506	96.22451827683781
854.2975066688449	96.24237083558894
866.7235500396347	96.28574174211438
879.3303343732008	96.33796137466351
892.1204886073838	96.396251386921
905.0966799188055	96.45994601391655
918.2616142790653	96.5269940519968
931.6180370190256	96.60197590075592
945.1687334013056	96.67920802381614
958.9165292011028	96.75936915062735
972.8642912954606	96.84411753398935
987.0149282611097	96.93840406546116
1001.3713909810035	97.03978468820192
1015.9366732596762	97.15972602113071
1030.7138124475518	97.30255615583734
1045.7058900743334	97.47682265210253
1060.916032491606	97.67517587309617
1076.3474115247852	97.87771818703749
1092.0032451345498	98.0742451938445
1107.8867980878947	98.25501366292768
1124.0013826389438	98.42166853653383
1140.350359219667	98.58163811827455
1156.9371371406426	98.73327852383703
1173.765175302013	98.88324360149436
1190.837982914782	99.02841699694407
1208.1591202326028	99.17526126576065
1225.73219929421	99.31812782439285
1243.5608846766518	99.45890708213838
1261.648894259477	99.60037316037919
1280.0000000000375	99.74057000000029
1298.6180287200684	99.87844607765831
1317.5068629037087	100.01892345454563
1336.6704415071292	100.15914893761665
1356.112760779938	100.29862794136203
1375.8378750985323	100.43901303241286
1395.8498978115715	100.58142053509722
1416.153002097749	100.72464844406416
1436.7514218360407	100.87041311109232
1457.6494524886093	101.02012266561283
1478.8514519965543	101.17237826174657
1500.3618416886875	101.32716551929165
1522.1851072035295	101.4883495395924
1544.3257994247153	101.65367688086546
1566.788535430007	101.82435893598415
1589.5779994541087	102.00052632679204
1612.6989438654878	102.18256176154718
1636.156190157402	102.37066522545688
1659.9546299533442	102.56469017910881
1684.099226027109	102.76607725121234
1708.5950133376978	102.97508173762238
1733.4471000792773	103.18974866842247
1758.6606687464096	103.41332897336203
1784.2409772147755	103.64347618285012
1810.193359837619	103.8793819096362
1836.5232285581387	104.12171758542009
1863.2360740380593	104.36874074904144
1890.3374668026197	104.6193298128133
1917.833058402214	104.87372840748216
1945.7285825909298	105.13041389563027
1974.0298565222283	105.38640533568702
2002.7427819620161	105.63860807930637
2031.8733465193618	105.88593741054652
2061.4276248951132	106.1224760552146
2091.411780148677	106.34605782300501
2121.832064983222	106.55238753556813
2152.694823049581	106.73168390480684
2184.0064902691106	106.8942947097054
2215.7735961758003	107.01700022580309
2248.002765277899	107.11374091974604
2280.7007184393456	107.17021200541852
2313.874274281297	107.18621721030269
2347.530350604038	107.16401791181497
2381.6759658295764	107.1020831656792
2416.318240465218	107.00957791546143
2451.4643985884327	106.88132807800645
2487.1217693533167	106.72956947598475
2523.2977885189675	106.55204750259071
2560.0000000000887	106.35844799999953
2597.236057440151	106.15359444416933
2635.0137258074315	105.94065627883417
2673.340883014273	105.72292454154557
2712.225521559891	105.5048014343991
2751.6757501970797	105.29111258315298
2791.699795623158	105.08475623440802
2832.3060041955137	104.88765553433821
2873.502843672097	104.69969540554014
2915.2989049772345	104.523494959284
2957.7029039931244	104.36105882016601
3000.723683377391	104.21259749595437
3044.370214407075	104.0815303709482
3088.6515988494466	103.968752695316
3133.57707086003	103.86954875620464
3179.1559989082334	103.78677807024083
3225.3978877309914	103.71893220363084
3272.3123803148205	103.66563664221776
3319.9092599067053	103.62491990210388
3368.198452054235	103.59496417045617
3417.190026675413	103.57911125350711
3466.8942001585724	103.59249612124901
3517.3213374928373	103.6530288519081
3568.4819544295697	103.77201093675868
3620.386719675257	103.9368942328678
3673.0464571162966	104.11805069366281
3726.472148076138	104.29976576713895
3780.6749336052594	104.48447745048375
3835.6661168044484	104.67652931571222
3891.45716518188	104.88486314034701
3948.059713044477	105.10759204359078
4005.4855639240527	105.35672908921929
4063.746693038744	105.62912049837043
4122.855249790247	105.92738467071607
4182.823560297375	106.25278129442471
4243.664129966465	106.6076313095667
4305.389646099183	106.99302372355535
4368.012980538242	107.4099462313801
4431.5471923516225	107.8643988785484
4496.00553055582	108.34716328988283
4561.401436878714	108.84928039857743
4627.748548562617	109.34711044628955
4695.060701208099	109.78619638119329
4763.351931659176	110.11721613971366
4832.63648093046	110.29358373066809
4902.928797176889	110.28935311913246
4974.243538706657	110.15292122959701
5046.595577037959	109.85864867692707
5120.000000000202	109.4406247142844
5194.472114880326	108.89755849401708
5270.027451614888	108.25916937286969
5346.6817660285715	107.55512141918663
5424.451043119808	106.79496288327434
5503.351500394186	105.96887673677269
5583.399591246343	105.0068065155061
5664.612008391055	104.5999183329421
5747.005687344222	104.6333901275957
5830.597809954497	104.63486301028712
5915.405807986278	104.17227639538427
6001.447366754812	103.62670167622962
6088.740428814181	103.19150111338827
6177.303197698925	102.84759791338578
6267.154141720092	102.5849843763271
6358.3119978165005	102.39837143129634
6450.795775462017	102.27757756677923
6544.624760629676	102.22749603105883
6639.818519813445	102.25413853241405
6736.396904108505	102.36699127058768
6834.380053350861	102.57620097255493
6933.788400317181	102.88963769940861
7034.642674985712	103.31327655263858
7136.963908859177	103.86469548985413
7240.773439350552	104.55982690318632
7346.092914232631	105.41287381141068
7452.944296152315	106.43948392776078
7561.349867210557	107.65434143379682
7671.332233608935	108.98924123095524
7782.914330363799	110.27745891801689
7896.119426088994	111.195137880261
8010.971127848146	111.16554016933081
8127.49338607753	110.12159398441192
8245.710499580537	108.57680458478514
8365.647120594791	107.00313885545192
8487.328259932974	105.54953639174765
8610.77929219841	104.24028004011036
8736.025961076528	103.07857415944044
8863.094384703289	102.06070508485371
8992.011061111683	101.19185825253169
9122.802873757471	100.47867809151893
9255.497097125279	99.91077014798313
9390.121402416245	99.44071336407845
9526.7038633184	99.09607850981861
9665.272961860968	98.84278013308055
9805.857594353829	98.68611368956967
9948.487077413367	98.63119834235259
10093.19115407597	98.68856975788691
10240.000000000457	98.84635800000062
10388.944229760706	99.10375719420554
10540.05490322983	99.46392948936041
10693.363532057198	99.8980589427318
10848.902086239672	100.38633645898432
11006.703000788428	100.87128435045936
11166.799182492743	101.27714254880863
11329.224016782166	101.49787502518126
11494.0113746885	101.55624666777666
11661.195619909053	101.49453113391215
11830.811615972614	101.41395446825062
12002.894733509682	101.4238313773391
12177.48085762842	101.46864016146961
12354.606395397908	100.89947888504938
12534.308283440243	99.63390169343586
12716.62399563306	98.01819894835127
12901.591550924093	96.85484591751332
13089.249521259411	95.96536536775531
13279.637039626952	95.42846501748254
13472.793808217073	95.22838001276996
13668.760106701786	95.30749262491238
13867.576800634426	95.7105500991384
14069.285349971487	96.49276632299153
14273.927817718419	97.58590431081375
14481.54687870117	99.16452757973452
14692.18582846533	101.21536826653532
14905.888592304698	103.1968438468565
15122.699734421185	103.94489188783112
15342.664467217943	102.97056366834673
15565.828660727671	100.90782301223423
15792.238852178061	98.88898474888019
16021.942255696367	96.85339389690141
16254.986772155136	94.66751922903171
16491.42099916115	92.49102206085404
16731.294241189662	90.63411507293007
16974.65651986603	88.91911514372626
17221.558584396902	89.66861554033042
17472.051922153143	92.64187915311787
17726.188769406665	92.21451412614459
17984.022122223458	88.81960213723328
18245.605747515034	85.05984183304818
18510.99419425065	79.58149233307176
18780.242804832582	74.32315180767843
19053.40772663689	69.55691281129283
19330.545923722028	64.97366909148164
19611.71518870775	60.005921130691306
19896.974154826825	57.503231
20186.382308152035	57.503231