20	101.464462
20.290906698750476	101.464462
20.586044732869844	101.48357932608904
20.885475648548283	101.53110733535605
21.189261887185914	101.5714434961415
21.49746679841394	101.58978511598569
21.810154653305165	101.59494959064712
22.12739065777668	101.58794450496264
22.449240966187475	101.58080837382388
22.77577269513385	101.58380112573869
23.107053937445478	101.60151791700211
23.44315377638505	101.63417364226483
23.784142300054445	101.67787520297775
24.130090616010463	101.72560511492864
24.481070866093134	101.77174637196455
24.837156241469714	101.81361050405746
25.1984209978975	101.84807262025524
25.56494047120865	101.87648587939776
25.936791093020236	101.8987203266523
26.3140504066728	101.91586332169129
26.69679708340074	101.93058204712761
27.08511093873791	101.94797424529249
27.47907294916184	101.97476961080007
27.878765268980047	102.01205692174769
28.284271247461966	102.05617637971574
28.695675446220072	102.09810024295518
29.11306365684382	102.13171669543078
29.536522918790062	102.15319781934423
29.966141537533712	102.16467636959983
30.402009102982383	102.17387286312005
30.844216508158908	102.18375635383983
31.29285596815558	102.19261067738373
31.74802103936409	102.19737676741943
32.20980663898519	102.19902477929126
32.67830906482211	102.20129025265808
33.153626015361866	102.20916348836494
33.63585661014871	102.2241927042019
34.125101410453844	102.24278437542372
34.62146244024586	102.25891334593375
35.12504320746613	102.26847661855969
35.635948725613716	102.2720173188911
36.15428553564419	102.27383811323888
36.68016172818701	102.27830230882928
37.21368696608603	102.2866641277979
37.754972507267915	102.29664802818051
38.30413122794313	102.30595591521619
38.86127764614443	102.31189225200262
39.4265279456077	102.31519119818655
40.000000000000206	102.314972
40.58181339750116	102.31162753150512
41.1720894657399	102.30891904336488
41.77095129709678	102.30995388772754
42.37852377437204	102.31361968358382
42.9949335968281	102.31550957682266
43.62030930661056	102.314056395165
44.25478131555359	102.31177760253624
44.89848193237519	102.31093163338517
45.55154539026795	102.30965772044817
46.21410787489121	102.30292584268655
46.88630755277036	102.28530696757359
47.56828460010916	102.26125965084702
48.260181232021196	102.23992742346427
48.962141732186545	102.2274335329371
49.674312482939705	102.21634599275096
50.39684199579528	102.20164660062785
51.129880942417586	102.18744664327538
51.873582186040764	102.17757461958591
52.628100813345895	102.16787737756388
53.393594166801776	102.1569956863696
54.17022187747612	102.15088109762216
54.95814589832399	102.15493406220888
55.75753053796041	102.16233922392794
56.56854249492426	102.16344269278225
57.39135089244048	102.16325207600735
58.226127313687975	102.16870907479026
59.073045837580466	102.1842053515296
59.932283075067765	102.1868208696805
60.804018205965114	102.16080604770562
61.68843301631817	102.1168656181688
62.58571193631152	102.07136346118617
63.49604207872855	102.03277378346827
64.41961327797075	102.0036570296557
65.35661812964459	101.98120039353911
66.3072520307241	101.95882398541193
67.27171322029778	101.93338915491574
68.25020282090806	101.90644531468067
69.2429248804921	101.88277605951376
70.25008641493265	101.86589551296863
71.27189745122783	101.8550482365893
72.30857107128878	101.84491454180147
73.36032345637442	101.82769587619218
74.42737393217246	101.7990894925888
75.50994501453623	101.76074885639976
76.60826245588666	101.72117503141699
77.72255529228926	101.686686507875
78.85305589121582	101.65723175462419
80.00000000000082	101.62304699999997
81.16362679500274	101.58523485276602
82.34417893148023	101.54890029162677
83.541902594194	101.51295858140134
84.75704754874454	101.47808479303886
85.98986719365665	101.44459567668612
87.24061861322157	101.41008722544646
88.50956263110764	101.37418008428563
89.79696386475084	101.33770714906903
91.10309078053635	101.30015005555782
92.42821574978288	101.26118504129035
93.77261510554118	101.22132434414262
95.13656920021877	101.1788650573144
96.52036246404286	101.13445020697895
97.92428346437356	101.09210581888728
99.34862496587989	101.05334550729603
100.79368399159105	101.01600085545353
102.25976188483567	100.97758017656312
103.74716437208203	100.9374771315064
105.25620162669229	100.89678109623134
106.78718833360406	100.85673670178974
108.34044375495276	100.81725218483317
109.9162917966485	100.77601890427385
111.51506107592134	100.73215846942244
113.13708498984903	100.68639927481891
114.78270178488147	100.63758929598576
116.45225462737648	100.5798625928901
118.14609167516147	100.51712213208855
119.86456615013608	100.45513274438174
121.60803641193078	100.40177437596705
123.3768660326369	100.35775692722575
125.17142387262359	100.31068539470508
126.99208415745765	100.25680275684437
128.83922655594208	100.20016091047059
130.71323625928977	100.14222723906995
132.61450406144883	100.08366106313416
134.5434264405962	100.0255494061278
136.50040564181674	99.96994819613586
138.48584976098482	99.91734019625696
140.50017282986593	99.86352287893479
142.5437949024563	99.80493972739455
144.61714214257822	99.73998812292145
146.7206469127495	99.6681189326352
148.8547478643456	99.5978215040709
151.01989002907314	99.53328885874005
153.216524911774	99.47413247992448
155.4451105845792	99.41520411306306
157.70611178243232	99.35109117604848
160.00000000000236	99.28215799999992
162.3272535900062	99.21498508327949
164.6883578629612	99.14808422865481
167.08380518838874	99.07810981828702
169.51409509748981	99.00461414256377
171.97973438731407	98.92942513626802
174.4812372264439	98.85626312934993
177.01912526221608	98.78861552026288
179.5939277295025	98.72661758945806
182.20618156107355	98.66769489782178
184.85643149956664	98.60613342938092
187.54523021108326	98.53432093082608
190.27313840043846	98.4532072153781
193.04072492808663	98.37222281579245
195.84856692874806	98.29341293913507
198.69724993176072	98.2148939516757
201.58736798318304	98.13611230308193
204.5195237696723	98.0571822185274
207.49432874416505	97.97749647264261
210.5124032533856	97.89708291714572
213.57437666720915	97.81703304071266
216.68088750990657	97.73978652474891
219.83258359329807	97.66344297850337
223.03012215184378	97.58831867013815
226.2741699796992	97.51238948644124
229.5654035697641	97.43366503986508
232.90450925475412	97.34831022886617
236.2921833503241	97.25667700467844
239.72913230027333	97.17224233906227
243.21607282386276	97.10686641762607
246.75373206527502	97.04855429593505
250.34284774524843	96.98175622457735
253.9841683149166	96.90580920145578
257.67845311188546	96.82163693783407
261.42647251858085	96.73219001623782
265.22900812289896	96.64583602843554
269.08685288119375	96.56920071351807
273.0008112836349	96.49490109721819
276.97169952197106	96.4157315459257
281.00034565973334	96.33022800122382
285.0875898049141	96.2403748841482
289.23428428515797	96.14914097087167
293.44129382550057	96.06384735406955
297.7094957286928	95.98409250145448
302.0397800581479	95.90619457554425
306.4330498235497	95.82709582014643
310.89022116916016	95.74678985775053
315.41222356486645	95.6649347461744
320.00000000000654	95.58276399999988
324.6545071800142	95.50278560312582
329.3767157259242	95.42599872582873
334.16761037677935	95.35251964616918
339.02819019498156	95.28144218579237
343.95946877463007	95.21152999300277
348.9624744528898	95.14095127796462
354.03825052443415	95.06851413554398
359.187855459007	94.99250825459715
364.4123631221491	94.91150806330579
369.71286299913527	94.82828703713838
375.0904604221685	94.74663581566352
380.54627680087896	94.66707364541278
386.08144985617537	94.58710846868081
391.6971338574982	94.50691420116844
397.3944998635236	94.42633739830859
403.1747359663683	94.34659660141874
409.0390475393468	94.26817199453815
414.9886574883323	94.19153037690916
421.0248065067734	94.11564109097844
427.1487533344206	94.03896005751858
433.3617750198154	93.96152444256425
439.6651671865984	93.88523361404994
446.06024430368984	93.81111778212146
452.54833995940066	93.73999120169088
459.13080713953053	93.66980181664762
465.8090185095106	93.59905089362911
472.58436670065066	93.52932194013563
479.45826460054917	93.4623409637421
486.432145647728	93.39773303669662
493.50746413055253	93.3346162579325
500.6856954904994	93.27164973441833
507.9683366298358	93.20849558078814
515.3569062237735	93.14472741736446
522.8529450371643	93.08028290867715
530.4580162458005	93.01650319074753
538.1737057623901	92.95572574348472
546.0016225672724	92.90055939814545
553.9433990439449	92.8492950626883
562.0006913194694	92.79985391499326
570.1751796098309	92.75161890344596
578.4685685703187	92.7058344203507
586.8825876510039	92.66134277105934
595.4189914573883	92.61872109255815
604.0795601162986	92.57917585681145
612.8660996471021	92.54422964765632
621.780442338323	92.51301091856831
630.8244471297356	92.48549404735394
640.0000000000159	92.46126599999997
649.3090143600314	92.44155695479694
658.7534314518515	92.42811317837185
668.3352207535618	92.42203184262645
678.0563803899662	92.41824481285099
687.9189375492632	92.40461275066332
697.9249489057827	92.36363092981432
708.0765010488715	92.28650870801238
718.3757109180171	92.19853848078532
728.8247262443015	92.14950153587053
739.425725998274	92.16208090629465
750.1809208443404	92.21934113173492
761.0925536017613	92.29733202686859
772.1628997123541	92.38468262948817
783.3942677149998	92.47945351376511
794.7889997270506	92.57606304720845
806.34947193274	92.65235727663658
818.0780950786972	92.65248037394313
829.9773149766683	92.5156321748587
842.0496130135506	92.22331352694206
854.2975066688449	91.87819293553358
866.7235500396347	91.6751966948558
879.3303343732008	91.66931352305872
892.1204886073838	91.80715272768738
905.0966799188055	91.97680874874365
918.2616142790653	92.14289081875458
931.6180370190256	92.29458487979498
945.1687334013056	92.43473754371173
958.9165292011028	92.5679624741828
972.8642912954606	92.69789548021876
987.0149282611097	92.82680538099967
1001.3713909810035	92.95617254726263
1015.9366732596762	93.08740166598189
1030.7138124475518	93.22193895597992
1045.7058900743334	93.3606116201093
1060.916032491606	93.50311748409572
1076.3474115247852	93.64852114126658
1092.0032451345498	93.7956120345474
1107.8867980878947	93.94446159730272
1124.0013826389438	94.09557831055201
1140.350359219667	94.24906194357102
1156.9371371406426	94.40495350265374
1173.765175302013	94.5629854781306
1190.837982914782	94.72185889400275
1208.1591202326028	94.88244097470297
1225.73219929421	95.04420254154327
1243.5608846766518	95.20785069096478
1261.648894259477	95.37145011205331
1280.0000000000375	95.53465300000033
1298.6180287200684	95.69868953578471
1317.5068629037087	95.86511948688812
1336.6704415071292	96.0342338184406
1356.112760779938	96.20630694181067
1375.8378750985323	96.38132598482468
1395.8498978115715	96.55936345035948
1416.153002097749	96.74186177876962
1436.7514218360407	96.92875580688685
1457.6494524886093	97.12246108224777
1478.8514519965543	97.32217166790768
1500.3618416886875	97.52794455778671
1522.1851072035295	97.74039579343493
1544.3257994247153	97.96006674028463
1566.788535430007	98.18770800961411
1589.5779994541087	98.4237586850962
1612.6989438654878	98.66844075900713
1636.156190157402	98.92190524969674
1659.9546299533442	99.18431761583527
1684.099226027109	99.45587454109891
1708.5950133376978	99.73664461927302
1733.4471000792773	100.02636949763365
1758.6606687464096	100.32462369248867
1784.2409772147755	100.63073987691531
1810.193359837619	100.94360307184199
1836.5232285581387	101.26182861575484
1863.2360740380593	101.58364666086821
1890.3374668026197	101.90665996315221
1917.833058402214	102.22788764605687
1945.7285825909298	102.54396824318188
1974.0298565222283	102.8510372324178
2002.7427819620161	103.14262606075661
2031.8733465193618	103.41619252108731
2061.4276248951132	103.66561594371086
2091.411780148677	103.8859575312855
2121.832064983222	104.07313461566397
2152.694823049581	104.21642371711182
2184.0064902691106	104.33296089254793
2215.7735961758003	104.39622267017482
2248.002765277899	104.4297948521481
2280.7007184393456	104.42047266065745
2313.874274281297	104.37677966684078
2347.530350604038	104.30353418164442
2381.6759658295764	104.20461744471257
2416.318240465218	104.08966202262997
2451.4643985884327	103.96042307693307
2487.1217693533167	103.8252845138834
2523.2977885189675	103.68966331369795
2560.0000000000887	103.5588494999997
2597.236057440151	103.43744905742764
2635.0137258074315	103.32862297616087
2673.340883014273	103.2394517960217
2712.225521559891	103.168169513659
2751.6757501970797	103.12253328688753
2791.699795623158	103.10164552351137
2832.3060041955137	103.11010589899281
2873.502843672097	103.14334692997596
2915.2989049772345	103.201386191344
2957.7029039931244	103.28184661685974
3000.723683377391	103.37971218219334
3044.370214407075	103.48501070255476
3088.6515988494466	103.58364412334667
3133.57707086003	103.6675217849
3179.1559989082334	103.73146466359512
3225.3978877309914	103.78444933261464
3272.3123803148205	103.83883748566738
3319.9092599067053	103.90877652642845
3368.198452054235	104.00339775527925
3417.190026675413	104.12497101835625
3466.8942001585724	104.26941434815274
3517.3213374928373	104.42589250026008
3568.4819544295697	104.57647059773818
3620.386719675257	104.6982854095146
3673.0464571162966	104.7679468496648
3726.472148076138	104.76585665392955
3780.6749336052594	104.66970075458399
3835.6661168044484	104.50138404152159
3891.45716518188	104.22447906975415
3948.059713044477	103.88519632254727
4005.4855639240527	103.45925250139813
4063.746693038744	102.97436968273621
4122.855249790247	102.44002605060528
4182.823560297375	101.86535950336533
4243.664129966465	101.25454278181354
4305.389646099183	100.60607649632104
4368.012980538242	99.90496074944073
4431.5471923516225	99.11873421081191
4496.00553055582	98.22455859323804
4561.401436878714	97.18408035201905
4627.748548562617	96.05400654328736
4695.060701208099	95.04034084150028
4763.351931659176	94.44626954228941
4832.63648093046	94.51995192918666
4902.928797176889	95.21112736700503
4974.243538706657	96.14365543245033
5046.595577037959	97.15589283563597
5120.000000000202	98.16115442857415
5194.472114880326	99.1450824791047
5270.027451614888	100.12242934027758
5346.6817660285715	101.10081096537502
5424.451043119808	102.0595665058226
5503.351500394186	102.93362512723931
5583.399591246343	103.60801811582394
5664.612008391055	103.93247871757117
5747.005687344222	103.88584931372314
5830.597809954497	103.44379211389256
5915.405807986278	102.63805032264865
6001.447366754812	101.5510123593608
6088.740428814181	100.29973738660016
6177.303197698925	99.01680492131666
6267.154141720092	97.7777706945885
6358.3119978165005	96.63242749641215
6450.795775462017	95.59931656229863
6544.624760629676	94.71225536164236
6639.818519813445	94.01177548545569
6736.396904108505	93.5521972206157
6834.380053350861	93.39848909833837
6933.788400317181	93.6174415916636
7034.642674985712	94.25267575385654
7136.963908859177	95.27802813652086
7240.773439350552	96.5672751100742
7346.092914232631	97.93033176367251
7452.944296152315	99.19593474624673
7561.349867210557	100.26435582030398
7671.332233608935	101.1510097593859
7782.914330363799	101.87483185825457
7896.119426088994	102.4185627011893
8010.971127848146	102.6759305116088
8127.49338607753	102.54261254528188
8245.710499580537	101.96021138879728
8365.647120594791	100.91225889135767
8487.328259932974	99.52998817698281
8610.77929219841	97.93053680244554
8736.025961076528	96.26754234554822
8863.094384703289	94.67271191115621
8992.011061111683	93.21865556127888
9122.802873757471	91.95460949972271
9255.497097125279	90.89443575389762
9390.121402416245	90.01992996608581
9526.7038633184	89.31719723215267
9665.272961860968	88.76658022896648
9805.857594353829	88.3563336757263
9948.487077413367	88.08636227994349
10093.19115407597	87.9711439390626
10240.000000000457	87.99740300000026
10388.944229760706	88.16913412906385
10540.05490322983	88.49812347538062
10693.363532057198	88.96712886174586
10848.902086239672	89.57221110844087
11006.703000788428	90.28598331554672
11166.799182492743	91.06176213207993
11329.224016782166	91.84723259443837
11494.0113746885	92.60478544131165
11661.195619909053	93.26922757595742
11830.811615972614	93.84299655455739
12002.894733509682	94.26544406165728
12177.48085762842	94.59117455334646
12354.606395397908	94.82166921575954
12534.308283440243	95.07121059394684
12716.62399563306	95.41979944951397
12901.591550924093	95.91085871688115
13089.249521259411	96.46504755404727
13279.637039626952	96.91485811198307
13472.793808217073	97.06671936882951
13668.760106701786	96.71421212534753
13867.576800634426	95.79579456901843
14069.285349971487	94.4170931830315
14273.927817718419	92.80699967173504
14481.54687870117	91.13881529071983
14692.18582846533	89.64560138755917
14905.888592304698	88.53124655149296
15122.699734421185	88.00742714096246
15342.664467217943	88.28643932258166
15565.828660727671	89.40018647761781
15792.238852178061	90.95905361586738
16021.942255696367	92.14805167453461
16254.986772155136	92.33196353079991
16491.42099916115	91.30902139028933
16731.294241189662	89.32335826368198
16974.65651986603	86.76421976141455
17221.558584396902	84.0389689428909
17472.051922153143	81.51874400119699
17726.188769406665	79.45313215910674
17984.022122223458	77.92113654939651
18245.605747515034	76.85487553258686
18510.99419425065	76.05403616260065
18780.242804832582	75.10818997197333
19053.40772663689	73.52053680610301
19330.545923722028	71.0112118390577
19611.71518870775	67.83409298830911
19896.974154826825	66.208664
20186.382308152035	66.208664