20	99.064659
20.290906698750476	99.064659
20.586044732869844	99.11875960260811
20.885475648548283	99.1665488769889
21.189261887185914	99.21075508672483
21.49746679841394	99.25288453860826
21.810154653305165	99.294143941707
22.12739065777668	99.33352226959097
22.449240966187475	99.3723023293134
22.77577269513385	99.41078973352276
23.107053937445478	99.45045823812558
23.44315377638505	99.4922778161167
23.784142300054445	99.53625429912886
24.130090616010463	99.58103523796592
24.481070866093134	99.62420674010569
24.837156241469714	99.66450300134959
25.1984209978975	99.6993478595639
25.56494047120865	99.72983149268273
25.936791093020236	99.75652194770693
26.3140504066728	99.78100999599228
26.69679708340074	99.80518151424909
27.08511093873791	99.83068767160283
27.47907294916184	99.85892039688349
27.878765268980047	99.88927198371739
28.284271247461966	99.91976225267375
28.695675446220072	99.94786860855768
29.11306365684382	99.97166485527582
29.536522918790062	99.99001251074807
29.966141537533712	100.00311072319633
30.402009102982383	100.01337815084007
30.844216508158908	100.02285106142739
31.29285596815558	100.03397168134708
31.74802103936409	100.04914279423599
32.20980663898519	100.06818231947632
32.67830906482211	100.08865177089683
33.153626015361866	100.10579205883849
33.63585661014871	100.11667165628513
34.125101410453844	100.12364728799095
34.62146244024586	100.13231514583292
35.12504320746613	100.14511796248792
35.635948725613716	100.15852537575243
36.15428553564419	100.16850024882541
36.68016172818701	100.1766252513742
37.21368696608603	100.18675881999955
37.754972507267915	100.19551066778938
38.30413122794313	100.19835741655231
38.86127764614443	100.18898880732033
39.4265279456077	100.17677373308008
40.000000000000206	100.173508
40.58181339750116	100.17755452566804
41.1720894657399	100.17568059684348
41.77095129709678	100.16472158597685
42.37852377437204	100.15342498382454
42.9949335968281	100.14722931543697
43.62030930661056	100.14299191543121
44.25478131555359	100.13560203696294
44.89848193237519	100.1275987349576
45.55154539026795	100.12034480677472
46.21410787489121	100.109493492692
46.88630755277036	100.09210938127791
47.56828460010916	100.07665057966933
48.260181232021196	100.06666281462529
48.962141732186545	100.0526718160686
49.674312482939705	100.03467151955059
50.39684199579528	100.01881340313093
51.129880942417586	100.00422627014106
51.873582186040764	99.98442016191335
52.628100813345895	99.95604930650708
53.393594166801776	99.92936258425105
54.17022187747612	99.90973624169962
54.95814589832399	99.88399259238984
55.75753053796041	99.85691937936436
56.56854249492426	99.84188975133465
57.39135089244048	99.80927114723222
58.226127313687975	99.76696416248143
59.073045837580466	99.76308485530225
59.932283075067765	99.73572244547447
60.804018205965114	99.65207138676172
61.68843301631817	99.65734281552957
62.58571193631152	99.63869361943314
63.49604207872855	99.60251107291177
64.41961327797075	99.59753596386214
65.35661812964459	99.56261079250511
66.3072520307241	99.48734684740452
67.27171322029778	99.45222511179873
68.25020282090806	99.40574710961175
69.2429248804921	99.37167584634577
70.25008641493265	99.33624327569723
71.27189745122783	99.28554172162647
72.30857107128878	99.2520456039946
73.36032345637442	99.20537125491077
74.42737393217246	99.1575591244492
75.50994501453623	99.11084638833125
76.60826245588666	99.06421173354752
77.72255529228926	99.020209221389
78.85305589121582	98.97365727013991
80.00000000000082	98.92636099999996
81.16362679500274	98.87316081962102
82.34417893148023	98.82115675160682
83.541902594194	98.77207919700051
84.75704754874454	98.72118077903187
85.98986719365665	98.66691776791687
87.24061861322157	98.6151511542589
88.50956263110764	98.56000007565879
89.79696386475084	98.50387024013943
91.10309078053635	98.44759417030053
92.42821574978288	98.39085941403776
93.77261510554118	98.33464761049545
95.13656920021877	98.27511275897109
96.52036246404286	98.21437919217557
97.92428346437356	98.15760434807333
99.34862496587989	98.09861268149061
100.79368399159105	98.03464297683577
102.25976188483567	97.97163187431391
103.74716437208203	97.91053081338796
105.25620162669229	97.84850867788175
106.78718833360406	97.78269921029458
108.34044375495276	97.71702520200047
109.9162917966485	97.65256715026314
111.51506107592134	97.5878007613558
113.13708498984903	97.5222340453487
114.78270178488147	97.45286833874025
116.45225462737648	97.38436829361609
118.14609167516147	97.31257175296533
119.86456615013608	97.24682551278565
121.60803641193078	97.18109210105459
123.3768660326369	97.10894289281241
125.17142387262359	97.03876106837562
126.99208415745765	96.96777181205087
128.83922655594208	96.89612359970789
130.71323625928977	96.82459907450723
132.61450406144883	96.75126854986011
134.5434264405962	96.6778646621665
136.50040564181674	96.60407123626044
138.48584976098482	96.53108606765485
140.50017282986593	96.45590067465629
142.5437949024563	96.38307756451424
144.61714214257822	96.31057922199435
146.7206469127495	96.23556986081398
148.8547478643456	96.16235086827272
151.01989002907314	96.08912414483562
153.216524911774	96.01358029671593
155.4451105845792	95.93645135549552
157.70611178243232	95.85856162228431
160.00000000000236	95.78056299999992
162.3272535900062	95.70072703104556
164.6883578629612	95.61856824082903
167.08380518838874	95.54160703124771
169.51409509748981	95.46596785761587
171.97973438731407	95.38752736711204
174.4812372264439	95.30745338887643
177.01912526221608	95.2255438354692
179.5939277295025	95.12256784215108
182.20618156107355	95.0481632672044
184.85643149956664	94.95246912116798
187.54523021108326	94.85497661222185
190.27313840043846	94.74873624126073
193.04072492808663	94.64279862492042
195.84856692874806	94.56577904538518
198.69724993176072	94.55523026942159
201.58736798318304	94.60221668236632
204.5195237696723	94.62956556209602
207.49432874416505	94.60445321929876
210.5124032533856	94.54449026588877
213.57437666720915	94.46911815724118
216.68088750990657	94.38416886478863
219.83258359329807	94.29970388681613
223.03012215184378	94.21956064349014
226.2741699796992	94.13674833273944
229.5654035697641	94.05768279238917
232.90450925475412	93.97932102190198
236.2921833503241	93.90016850447743
239.72913230027333	93.8045766433325
243.21607282386276	93.75595909673224
246.75373206527502	93.68089262087392
250.34284774524843	93.60778010209927
253.9841683149166	93.53500740018431
257.67845311188546	93.46049568112
261.42647251858085	93.38991697492182
265.22900812289896	93.31531976596719
269.08685288119375	93.2456670916114
273.0008112836349	93.17734266786331
276.97169952197106	93.10638887489043
281.00034565973334	93.03423702022232
285.0875898049141	92.96825308167254
289.23428428515797	92.9010310174533
293.44129382550057	92.83271624658103
297.7094957286928	92.76369996238337
302.0397800581479	92.70049934169636
306.4330498235497	92.63781493016575
310.89022116916016	92.5740773824469
315.41222356486645	92.50809692648215
320.00000000000654	92.44596099999991
324.6545071800142	92.38222590228263
329.3767157259242	92.32201750214448
334.16761037677935	92.26086494164967
339.02819019498156	92.19860452009915
343.95946877463007	92.13524231807082
348.9624744528898	92.07508461159897
354.03825052443415	92.01951122542356
359.187855459007	91.95597624554021
364.4123631221491	91.90000833855612
369.71286299913527	91.84558162363707
375.0904604221685	91.78923897289252
380.54627680087896	91.73224283858647
386.08144985617537	91.67447015220067
391.6971338574982	91.62233525152665
397.3944998635236	91.57108431631576
403.1747359663683	91.52305126860162
409.0390475393468	91.4795179870703
414.9886574883323	91.43870859027858
421.0248065067734	91.39625513550423
427.1487533344206	91.35033672314499
433.3617750198154	91.30402313228872
439.6651671865984	91.26025259403934
446.06024430368984	91.21904122157278
452.54833995940066	91.18078012332514
459.13080713953053	91.13880632098208
465.8090185095106	91.09735858213055
472.58436670065066	91.05893107463045
479.45826460054917	91.01665646292156
486.432145647728	90.97916569604327
493.50746413055253	90.94096534606597
500.6856954904994	90.90142017377927
507.9683366298358	90.8672973587209
515.3569062237735	90.83362440521098
522.8529450371643	90.80107764005831
530.4580162458005	90.76584623649715
538.1737057623901	90.73470608160113
546.0016225672724	90.70641774915735
553.9433990439449	90.67503970728883
562.0006913194694	90.6479712459868
570.1751796098309	90.62259111258338
578.4685685703187	90.6010083971526
586.8825876510039	90.57733673454183
595.4189914573883	90.55564526953836
604.0795601162986	90.53424373320276
612.8660996471021	90.5153252172331
621.780442338323	90.49478805280913
630.8244471297356	90.48176656103833
640.0000000000159	90.46784999999997
649.3090143600314	90.45476059490836
658.7534314518515	90.44633545311875
668.3352207535618	90.4369437803789
678.0563803899662	90.43328201766329
687.9189375492632	90.42805180504547
697.9249489057827	90.42311572877925
708.0765010488715	90.42177363505112
718.3757109180171	90.41425893227118
728.8247262443015	90.42854024980421
739.425725998274	90.4360990359338
750.1809208443404	90.44946162235027
761.0925536017613	90.45902839637034
772.1628997123541	90.47449610013858
783.3942677149998	90.49479487382865
794.7889997270506	90.51593914450733
806.34947193274	90.54288118323291
818.0780950786972	90.57485297231806
829.9773149766683	90.60935791440485
842.0496130135506	90.64771121639652
854.2975066688449	90.69039664793448
866.7235500396347	90.73834461598766
879.3303343732008	90.78843248599176
892.1204886073838	90.84973121683242
905.0966799188055	90.91279221521674
918.2616142790653	90.98365899843378
931.6180370190256	91.06047775386055
945.1687334013056	91.143134147569
958.9165292011028	91.23385393381425
972.8642912954606	91.32719988726808
987.0149282611097	91.4295461359832
1001.3713909810035	91.5355177980183
1015.9366732596762	91.65137002833029
1030.7138124475518	91.76860897313742
1045.7058900743334	91.89712488857093
1060.916032491606	92.03220732979122
1076.3474115247852	92.16546537348626
1092.0032451345498	92.30831542717696
1107.8867980878947	92.45578599670957
1124.0013826389438	92.60932578756245
1140.350359219667	92.76730734705777
1156.9371371406426	92.92451019239937
1173.765175302013	93.08930176185046
1190.837982914782	93.25713737312235
1208.1591202326028	93.42748042649002
1225.73219929421	93.6059774684555
1243.5608846766518	93.78832703811642
1261.648894259477	93.97137248038969
1280.0000000000375	94.1652760000004
1298.6180287200684	94.3616015170221
1317.5068629037087	94.56108569835837
1336.6704415071292	94.75918666983573
1356.112760779938	94.95429005139985
1375.8378750985323	95.15248024794784
1395.8498978115715	95.35020219528337
1416.153002097749	95.54840139087388
1436.7514218360407	95.74172308559974
1457.6494524886093	95.91058672355999
1478.8514519965543	96.05479118940575
1500.3618416886875	96.1724101111799
1522.1851072035295	96.2760322134281
1544.3257994247153	96.37197868700576
1566.788535430007	96.46065738435611
1589.5779994541087	96.54522892057322
1612.6989438654878	96.62715371316985
1636.156190157402	96.7070427238111
1659.9546299533442	96.78430706141586
1684.099226027109	96.85924811229363
1708.5950133376978	96.93404165834268
1733.4471000792773	97.00866233438725
1758.6606687464096	97.08497314712908
1784.2409772147755	97.16097501244703
1810.193359837619	97.23168810414421
1836.5232285581387	97.29272704414672
1863.2360740380593	97.34143784471827
1890.3374668026197	97.37828391576927
1917.833058402214	97.40104006296635
1945.7285825909298	97.4060214813402
1974.0298565222283	97.39252301464772
2002.7427819620161	97.34985279094681
2031.8733465193618	97.27338582616338
2061.4276248951132	97.1574508135959
2091.411780148677	97.00361282430669
2121.832064983222	96.81954649500047
2152.694823049581	96.63527372189903
2184.0064902691106	96.4606511251662
2215.7735961758003	96.33130631183151
2248.002765277899	96.22780695487633
2280.7007184393456	96.15116761911868
2313.874274281297	96.07877703081542
2347.530350604038	96.00497452003691
2381.6759658295764	95.92824304930343
2416.318240465218	95.84798478139358
2451.4643985884327	95.77131606203015
2487.1217693533167	95.71082969859793
2523.2977885189675	95.68367976382748
2560.0000000000887	95.68704200000005
2597.236057440151	95.71717090362475
2635.0137258074315	95.74892980144126
2673.340883014273	95.7527490198552
2712.225521559891	95.73141406229526
2751.6757501970797	95.69485368412131
2791.699795623158	95.65673224041493
2832.3060041955137	95.62059931953816
2873.502843672097	95.59668510508371
2915.2989049772345	95.59140002872955
2957.7029039931244	95.61127618822273
3000.723683377391	95.66881811009094
3044.370214407075	95.76188030649894
3088.6515988494466	95.87303644993439
3133.57707086003	95.99287534289701
3179.1559989082334	96.11126469233379
3225.3978877309914	96.22314081960245
3272.3123803148205	96.32258904396355
3319.9092599067053	96.39655305542675
3368.198452054235	96.43058523718761
3417.190026675413	96.40861474987811
3466.8942001585724	96.30138142244238
3517.3213374928373	96.08743585099161
3568.4819544295697	95.73824132174799
3620.386719675257	95.23892299218019
3673.0464571162966	94.61963403552681
3726.472148076138	93.93805222083779
3780.6749336052594	93.29319364614085
3835.6661168044484	92.7264231604353
3891.45716518188	92.35287341550554
3948.059713044477	92.10876289980668
4005.4855639240527	92.05500500095333
4063.746693038744	92.11550632172417
4122.855249790247	92.2604481663503
4182.823560297375	92.45138182100845
4243.664129966465	92.67816504445
4305.389646099183	92.91804256474734
4368.012980538242	93.15276402516272
4431.5471923516225	93.38349955725499
4496.00553055582	93.59788207503124
4561.401436878714	93.78739241396693
4627.748548562617	93.95136559380676
4695.060701208099	94.06941284658608
4763.351931659176	94.15126917388703
4832.63648093046	94.1831245664381
4902.928797176889	94.16477945520282
4974.243538706657	94.11293999141236
5046.595577037959	94.0174538895778
5120.000000000202	93.88955142857102
5194.472114880326	93.73654224548244
5270.027451614888	93.56174326567789
5346.6817660285715	93.36882703090993
5424.451043119808	93.16402940627087
5503.351500394186	92.95157563479833
5583.399591246343	92.7294846966183
5664.612008391055	92.51280633036151
5747.005687344222	92.30533878430342
5830.597809954497	92.11408908459147
5915.405807986278	91.9477306771406
6001.447366754812	91.8112301713003
6088.740428814181	91.7137776452957
6177.303197698925	91.64650075231286
6267.154141720092	91.62740326903099
6358.3119978165005	91.64643822165837
6450.795775462017	91.70624265486202
6544.624760629676	91.81797189616194
6639.818519813445	91.98068640535918
6736.396904108505	92.18962792334574
6834.380053350861	92.4555542252607
6933.788400317181	92.77906684556973
7034.642674985712	93.16365318591674
7136.963908859177	93.59989208158564
7240.773439350552	94.0956137292021
7346.092914232631	94.64026885970054
7452.944296152315	95.20732110754277
7561.349867210557	95.76747452188589
7671.332233608935	96.30180572191261
7782.914330363799	96.78163417747515
7896.119426088994	97.16094467769564
8010.971127848146	97.39965302422951
8127.49338607753	97.50368253422313
8245.710499580537	97.55119308277757
8365.647120594791	97.61701397179304
8487.328259932974	97.72074784476202
8610.77929219841	97.80718466964743
8736.025961076528	97.7765113991263
8863.094384703289	97.58259414457487
8992.011061111683	97.22985233458621
9122.802873757471	96.76255448850537
9255.497097125279	96.23680374036094
9390.121402416245	95.7040283654457
9526.7038633184	95.19332670440632
9665.272961860968	94.74011827377778
9805.857594353829	94.34623775172726
9948.487077413367	94.00175381523636
10093.19115407597	93.68000871485441
10240.000000000457	93.29587239999869
10388.944229760706	92.74499589674416
10540.05490322983	91.88058208762114
10693.363532057198	90.68100342013109
10848.902086239672	89.25421857288863
11006.703000788428	87.95348213383102
11166.799182492743	87.12145600426757
11329.224016782166	86.97234822039827
11494.0113746885	87.33161352791635
11661.195619909053	88.01964049805112
11830.811615972614	88.75501955835212
12002.894733509682	89.45420981135882
12177.48085762842	90.04924481517791
12354.606395397908	90.46471195534234
12534.308283440243	90.75027559743341
12716.62399563306	90.85824694514275
12901.591550924093	90.77155278551814
13089.249521259411	90.57271629797276
13279.637039626952	90.20120817178169
13472.793808217073	89.62978063841346
13668.760106701786	88.86450973975033
13867.576800634426	87.9706066608057
14069.285349971487	86.9613100343287
14273.927817718419	85.85336070683252
14481.54687870117	84.75124732353412
14692.18582846533	83.79826050156476
14905.888592304698	83.14452795645362
15122.699734421185	82.64797271235199
15342.664467217943	82.30737496067124
15565.828660727671	82.20965213736773
15792.238852178061	82.35595221271235
16021.942255696367	82.74366895040463
16254.986772155136	83.2306623224398
16491.42099916115	83.64136276080288
16731.294241189662	83.15571558157967
16974.65651986603	81.39504352051623
17221.558584396902	78.76012593235356
17472.051922153143	75.96690381027837
17726.188769406665	73.37558505556359
17984.022122223458	71.40245976060085
18245.605747515034	70.06686854808785
18510.99419425065	69.23358823114701
18780.242804832582	68.47366286543469
19053.40772663689	67.707147347168
19330.545923722028	66.619162378249
19611.71518870775	65.25394054650683
19896.974154826825	64.476021
20186.382308152035	64.476021