20	101.835983
20.290906698750476	101.835983
20.586044732869844	101.84795683446515
20.885475648548283	101.84249367417824
21.189261887185914	101.82720903361101
21.49746679841394	101.81246399392133
21.810154653305165	101.80215852172942
22.12739065777668	101.80412359762455
22.449240966187475	101.81096528181239
22.77577269513385	101.818028731384
23.107053937445478	101.81808093149512
23.44315377638505	101.80885181933924
23.784142300054445	101.79386817110795
24.130090616010463	101.77964979556779
24.481070866093134	101.7733594845522
24.837156241469714	101.77407354384728
25.1984209978975	101.77917430840661
25.56494047120865	101.78205335426263
25.936791093020236	101.77956264311719
26.3140504066728	101.77231687133694
26.69679708340074	101.7637853137517
27.08511093873791	101.75631514536126
27.47907294916184	101.74937173934354
27.878765268980047	101.74049954467027
28.284271247461966	101.7288996302725
28.695675446220072	101.71674446815148
29.11306365684382	101.70549959093186
29.536522918790062	101.69568086071004
29.966141537533712	101.6842220729109
30.402009102982383	101.66801362175279
30.844216508158908	101.64740766528605
31.29285596815558	101.62694440719689
31.74802103936409	101.6097090946814
32.20980663898519	101.59469262596076
32.67830906482211	101.57913585871151
33.153626015361866	101.56031228732496
33.63585661014871	101.53829846122268
34.125101410453844	101.51558606511803
34.62146244024586	101.49447971486774
35.12504320746613	101.47520641376751
35.635948725613716	101.45606613118413
36.15428553564419	101.43458913391643
36.68016172818701	101.40945748878848
37.21368696608603	101.38194774141742
37.754972507267915	101.35548390603228
38.30413122794313	101.33105561342974
38.86127764614443	101.30862283525221
39.4265279456077	101.28508719648875
40.000000000000206	101.25804099999999
40.58181339750116	101.22845569011936
41.1720894657399	101.1990085691019
41.77095129709678	101.17014468329697
42.37852377437204	101.14067536512188
42.9949335968281	101.11062651018116
43.62030930661056	101.08143645675301
44.25478131555359	101.05178731832306
44.89848193237519	101.0166888766991
45.55154539026795	100.97523272573096
46.21410787489121	100.93475857085421
46.88630755277036	100.9011466300533
47.56828460010916	100.86619555026141
48.260181232021196	100.82605728977359
48.962141732186545	100.78945417240602
49.674312482939705	100.75424943278648
50.39684199579528	100.71387021404324
51.129880942417586	100.67258436277017
51.873582186040764	100.6342657879512
52.628100813345895	100.59463404964593
53.393594166801776	100.55203364723354
54.17022187747612	100.50661490792835
54.95814589832399	100.46046416796734
55.75753053796041	100.41893947135604
56.56854249492426	100.37413521059257
57.39135089244048	100.33124076924508
58.226127313687975	100.29281780669992
59.073045837580466	100.25168558507154
59.932283075067765	100.1860785258032
60.804018205965114	100.13062026570726
61.68843301631817	100.08408912535755
62.58571193631152	100.03389587780575
63.49604207872855	99.98151840111689
64.41961327797075	99.92961757276717
65.35661812964459	99.8765146691409
66.3072520307241	99.81866290859696
67.27171322029778	99.76279068315735
68.25020282090806	99.71113705871622
69.2429248804921	99.65244128550827
70.25008641493265	99.59315968513279
71.27189745122783	99.53502979712964
72.30857107128878	99.47180869108989
73.36032345637442	99.40690281494065
74.42737393217246	99.34530721605073
75.50994501453623	99.28732975714404
76.60826245588666	99.2267682695914
77.72255529228926	99.15911343184385
78.85305589121582	99.09453524615711
80.00000000000082	99.03251599999996
81.16362679500274	98.9697944195674
82.34417893148023	98.90129645367281
83.541902594194	98.82814691786317
84.75704754874454	98.75782459950592
85.98986719365665	98.69130233885807
87.24061861322157	98.61429823628306
88.50956263110764	98.54094230437957
89.79696386475084	98.4673415758522
91.10309078053635	98.39280435213091
92.42821574978288	98.30715758627301
93.77261510554118	98.23300897530291
95.13656920021877	98.16648350810897
96.52036246404286	98.08644868907886
97.92428346437356	98.0082439146595
99.34862496587989	97.93595600040379
100.79368399159105	97.85934264491983
102.25976188483567	97.77911146188782
103.74716437208203	97.69175775444668
105.25620162669229	97.6071570802294
106.78718833360406	97.52601328998185
108.34044375495276	97.4309852326075
109.9162917966485	97.33310084328522
111.51506107592134	97.22075170793606
113.13708498984903	97.1120784874721
114.78270178488147	97.01109517014537
116.45225462737648	96.9082731523188
118.14609167516147	96.80870352819043
119.86456615013608	96.74770689073243
121.60803641193078	96.71033098657519
123.3768660326369	96.74058342586235
125.17142387262359	96.80234162645702
126.99208415745765	96.87576517559206
128.83922655594208	96.91720729096123
130.71323625928977	96.93530433495079
132.61450406144883	96.9260757483085
134.5434264405962	96.87922887309185
136.50040564181674	96.81924713776765
138.48584976098482	96.74792689001133
140.50017282986593	96.67373982986389
142.5437949024563	96.59092749503102
144.61714214257822	96.50956166207013
146.7206469127495	96.4249523223191
148.8547478643456	96.34126622954068
151.01989002907314	96.25715141622986
153.216524911774	96.17090203313033
155.4451105845792	96.08386242421567
157.70611178243232	95.99769133652485
160.00000000000236	95.91671799999992
162.3272535900062	95.82930356245507
164.6883578629612	95.74507927664875
167.08380518838874	95.66510006298621
169.51409509748981	95.57918244595145
171.97973438731407	95.49525038132997
174.4812372264439	95.41234754678283
177.01912526221608	95.33000025403042
179.5939277295025	95.24475193260285
182.20618156107355	95.1637969719316
184.85643149956664	95.07914250139552
187.54523021108326	94.99817805252265
190.27313840043846	94.91773226687124
193.04072492808663	94.83578859587092
195.84856692874806	94.75147078947916
198.69724993176072	94.66902325890715
201.58736798318304	94.58872909561426
204.5195237696723	94.5098837375515
207.49432874416505	94.43001498222048
210.5124032533856	94.35156374019017
213.57437666720915	94.27368653423572
216.68088750990657	94.19788936655819
219.83258359329807	94.11900318760966
223.03012215184378	94.04123090077586
226.2741699796992	93.96558874989532
229.5654035697641	93.89158444537294
232.90450925475412	93.81424224736107
236.2921833503241	93.74193958100167
239.72913230027333	93.67485033749865
243.21607282386276	93.61168513548827
246.75373206527502	93.54433075677622
250.34284774524843	93.47711165635373
253.9841683149166	93.41099346777983
257.67845311188546	93.3374790339017
261.42647251858085	93.26535054753046
265.22900812289896	93.19859337602519
269.08685288119375	93.12395502448126
273.0008112836349	93.05182433636102
276.97169952197106	92.98279505098444
281.00034565973334	92.90818055814312
285.0875898049141	92.83910353959939
289.23428428515797	92.7690152801554
293.44129382550057	92.70098476844139
297.7094957286928	92.63253529747071
302.0397800581479	92.56396229905843
306.4330498235497	92.49616479448379
310.89022116916016	92.43142213251006
315.41222356486645	92.36662140226593
320.00000000000654	92.29994999999991
324.6545071800142	92.23629216710182
329.3767157259242	92.17178281387017
334.16761037677935	92.1082807151667
339.02819019498156	92.04592487916732
343.95946877463007	91.98545117066966
348.9624744528898	91.92531068627919
354.03825052443415	91.8631272147398
359.187855459007	91.8019671643991
364.4123631221491	91.74203687496066
369.71286299913527	91.68124324164933
375.0904604221685	91.62487123940176
380.54627680087896	91.56463435016676
386.08144985617537	91.51243786378373
391.6971338574982	91.4544053470318
397.3944998635236	91.39778047372761
403.1747359663683	91.34001028876905
409.0390475393468	91.28417163098055
414.9886574883323	91.23249413271682
421.0248065067734	91.17905636103393
427.1487533344206	91.12577445260268
433.3617750198154	91.07440835176104
439.6651671865984	91.02508600970174
446.06024430368984	90.97245620233504
452.54833995940066	90.9229303167535
459.13080713953053	90.8742348509078
465.8090185095106	90.82397810830523
472.58436670065066	90.77617279830555
479.45826460054917	90.72863294833353
486.432145647728	90.68300832169108
493.50746413055253	90.63348995142697
500.6856954904994	90.59348781627526
507.9683366298358	90.54289894960085
515.3569062237735	90.50322298120184
522.8529450371643	90.46233044669476
530.4580162458005	90.42269464413432
538.1737057623901	90.3854099855823
546.0016225672724	90.3450762116771
553.9433990439449	90.30882596324398
562.0006913194694	90.27859678598155
570.1751796098309	90.25017309417937
578.4685685703187	90.22693253029539
586.8825876510039	90.20519708159853
595.4189914573883	90.18580231911888
604.0795601162986	90.16903244055892
612.8660996471021	90.15598507334035
621.780442338323	90.14379181245734
630.8244471297356	90.1299892313911
640.0000000000159	90.12183399999998
649.3090143600314	90.10265091410828
658.7534314518515	90.08609406770604
668.3352207535618	90.06951573400804
678.0563803899662	90.05936411669805
687.9189375492632	90.0430066872654
697.9249489057827	90.02853371856844
708.0765010488715	90.01822573927298
718.3757109180171	90.0045413280675
728.8247262443015	90.0015484362982
739.425725998274	89.98806021563865
750.1809208443404	89.98335195970513
761.0925536017613	89.98328921781679
772.1628997123541	89.98388048403696
783.3942677149998	89.98696820516481
794.7889997270506	89.99108292989901
806.34947193274	90.00087905396998
818.0780950786972	90.01232549013986
829.9773149766683	90.02513974238174
842.0496130135506	90.04655965974311
854.2975066688449	90.07543731012576
866.7235500396347	90.10589649343476
879.3303343732008	90.13726383438214
892.1204886073838	90.17955806626206
905.0966799188055	90.22436070295639
918.2616142790653	90.27574092187214
931.6180370190256	90.33661029203955
945.1687334013056	90.40128153263049
958.9165292011028	90.47106171776467
972.8642912954606	90.54829423852495
987.0149282611097	90.63445359187607
1001.3713909810035	90.72277627014647
1015.9366732596762	90.81971789007086
1030.7138124475518	90.92032083432512
1045.7058900743334	91.02888125393716
1060.916032491606	91.13876149652971
1076.3474115247852	91.2613233371233
1092.0032451345498	91.38006402700793
1107.8867980878947	91.50170759399664
1124.0013826389438	91.62736052722018
1140.350359219667	91.75430688607624
1156.9371371406426	91.88619702237636
1173.765175302013	92.01466762917859
1190.837982914782	92.14244630586226
1208.1591202326028	92.26920117825574
1225.73219929421	92.39273045393927
1243.5608846766518	92.51797870740036
1261.648894259477	92.63739465536135
1280.0000000000375	92.75888100000023
1298.6180287200684	92.86999179957034
1317.5068629037087	92.9830739295965
1336.6704415071292	93.0944452696937
1356.112760779938	93.20266114129073
1375.8378750985323	93.3093120922799
1395.8498978115715	93.41493411584214
1416.153002097749	93.51429517763998
1436.7514218360407	93.6151213430339
1457.6494524886093	93.71961014347474
1478.8514519965543	93.82159594895383
1500.3618416886875	93.92102399937936
1522.1851072035295	94.02246813972917
1544.3257994247153	94.1267089307265
1566.788535430007	94.23200036716173
1589.5779994541087	94.33972622116433
1612.6989438654878	94.44665735225753
1636.156190157402	94.55645363791737
1659.9546299533442	94.67171452000473
1684.099226027109	94.78779254277505
1708.5950133376978	94.90617052357345
1733.4471000792773	95.02821411462045
1758.6606687464096	95.15237418433841
1784.2409772147755	95.28049828611678
1810.193359837619	95.41116156964385
1836.5232285581387	95.54419230551662
1863.2360740380593	95.68163994575582
1890.3374668026197	95.82180028136831
1917.833058402214	95.9667255603467
1945.7285825909298	96.11264422722999
1974.0298565222283	96.25896698505208
2002.7427819620161	96.41125829643454
2031.8733465193618	96.56826023148822
2061.4276248951132	96.72076757844145
2091.411780148677	96.88017100867242
2121.832064983222	97.03656651683524
2152.694823049581	97.19719165198107
2184.0064902691106	97.35656147081636
2215.7735961758003	97.51699000462442
2248.002765277899	97.67993529487792
2280.7007184393456	97.84004231092416
2313.874274281297	97.99897985100422
2347.530350604038	98.15632788241058
2381.6759658295764	98.30948528307421
2416.318240465218	98.46125585667473
2451.4643985884327	98.60755075807381
2487.1217693533167	98.75027649938268
2523.2977885189675	98.88683753522776
2560.0000000000887	99.01727300000032
2597.236057440151	99.14139154427912
2635.0137258074315	99.25845207851957
2673.340883014273	99.36802686173904
2712.225521559891	99.47083442018862
2751.6757501970797	99.5652613137214
2791.699795623158	99.65101713127721
2832.3060041955137	99.72849693281415
2873.502843672097	99.79920414773362
2915.2989049772345	99.8632707527922
2957.7029039931244	99.92116654368898
3000.723683377391	99.97200971292621
3044.370214407075	100.01793015908443
3088.6515988494466	100.05576923618683
3133.57707086003	100.08968234619078
3179.1559989082334	100.120027816436
3225.3978877309914	100.14579864280937
3272.3123803148205	100.16679374718049
3319.9092599067053	100.18365764079066
3368.198452054235	100.19671743214509
3417.190026675413	100.20467280429288
3466.8942001585724	100.20709358021688
3517.3213374928373	100.20498892987769
3568.4819544295697	100.19615531394653
3620.386719675257	100.1810953643539
3673.0464571162966	100.15870394677692
3726.472148076138	100.12666568414173
3780.6749336052594	100.08494799716134
3835.6661168044484	100.03643325904493
3891.45716518188	99.97468442743029
3948.059713044477	99.90387817771342
4005.4855639240527	99.82994352897711
4063.746693038744	99.74727794890539
4122.855249790247	99.67127095155844
4182.823560297375	99.59750657003013
4243.664129966465	99.52522710411228
4305.389646099183	99.45115672549798
4368.012980538242	99.3739748696843
4431.5471923516225	99.28553605530236
4496.00553055582	99.18692402819154
4561.401436878714	99.07077542631193
4627.748548562617	98.93935464622975
4695.060701208099	98.79271494973878
4763.351931659176	98.62843261848178
4832.63648093046	98.45162816175717
4902.928797176889	98.26058481632053
4974.243538706657	98.06007541031113
5046.595577037959	97.85649858443027
5120.000000000202	97.64309071428511
5194.472114880326	97.4155011289937
5270.027451614888	97.17226968056526
5346.6817660285715	96.91485738112519
5424.451043119808	96.64795166087902
5503.351500394186	96.36981659358918
5583.399591246343	96.1048684809662
5664.612008391055	95.86672839906662
5747.005687344222	95.65380853069863
5830.597809954497	95.46618513670568
5915.405807986278	95.30136144943498
6001.447366754812	95.15866538883589
6088.740428814181	95.03859544806771
6177.303197698925	94.93541389079613
6267.154141720092	94.84594416106333
6358.3119978165005	94.77528640173948
6450.795775462017	94.72638185030883
6544.624760629676	94.69653397850118
6639.818519813445	94.68669949494394
6736.396904108505	94.70854814958221
6834.380053350861	94.77208742035701
6933.788400317181	94.89233640683645
7034.642674985712	95.09516282673387
7136.963908859177	95.39419815212348
7240.773439350552	95.79024914023867
7346.092914232631	96.28074269410271
7452.944296152315	96.85595491250267
7561.349867210557	97.49489373666063
7671.332233608935	98.15906980118169
7782.914330363799	98.78678883793904
7896.119426088994	99.27699697137189
8010.971127848146	99.46540890460113
8127.49338607753	99.24196378447394
8245.710499580537	98.60304029793629
8365.647120594791	97.68194250953205
8487.328259932974	96.6495361951563
8610.77929219841	95.55378066237061
8736.025961076528	94.46490622104947
8863.094384703289	93.43116136968393
8992.011061111683	92.45094857727976
9122.802873757471	91.54995928125572
9255.497097125279	90.73146193990299
9390.121402416245	89.97309188638363
9526.7038633184	89.30056667813487
9665.272961860968	88.69768235331546
9805.857594353829	88.18613375632887
9948.487077413367	87.75293983738419
10093.19115407597	87.38577558984429
10240.000000000457	87.12076079999932
10388.944229760706	86.93991136122116
10540.05490322983	86.84147219559735
10693.363532057198	86.82797401542793
10848.902086239672	86.93453372712047
11006.703000788428	87.15497012752284
11166.799182492743	87.49060965116242
11329.224016782166	87.99744671911654
11494.0113746885	88.65599204002258
11661.195619909053	89.55468394878802
11830.811615972614	90.26035612681545
12002.894733509682	89.68449784414756
12177.48085762842	86.00011105501488
12354.606395397908	88.04205086016296
12534.308283440243	91.23385810144482
12716.62399563306	93.68364690283138
12901.591550924093	94.66282674666274
13089.249521259411	94.82778507274067
13279.637039626952	94.05925828038485
13472.793808217073	92.77373353597858
13668.760106701786	91.5921893281549
13867.576800634426	90.65710215107994
14069.285349971487	90.0210993375296
14273.927817718419	89.61483901770904
14481.54687870117	89.47770304161881
14692.18582846533	89.54779197742486
14905.888592304698	89.72597695985453
15122.699734421185	89.895137712131
15342.664467217943	89.92835910172894
15565.828660727671	89.68230168968246
15792.238852178061	88.99204586113449
16021.942255696367	87.76050717689657
16254.986772155136	86.06961064892246
16491.42099916115	84.19733056342271
16731.294241189662	82.45219349049908
16974.65651986603	80.88821180547417
17221.558584396902	79.62450799826388
17472.051922153143	78.59782673970545
17726.188769406665	77.8673965281937
17984.022122223458	77.34489935221998
18245.605747515034	76.93714174059964
18510.99419425065	76.37613744217896
18780.242804832582	75.14003496497693
19053.40772663689	72.60521232073657
19330.545923722028	68.85866750055547
19611.71518870775	63.700601444785825
19896.974154826825	60.622074
20186.382308152035	60.622074