20	99.793022
20.290906698750476	99.793022
20.586044732869844	99.81956695552714
20.885475648548283	99.84269993552846
21.189261887185914	99.864842197507
21.49746679841394	99.88609631566757
21.810154653305165	99.90658712894232
22.12739065777668	99.92520273098611
22.449240966187475	99.94329438440225
22.77577269513385	99.96166310788126
23.107053937445478	99.98118619979653
23.44315377638505	100.00150307136411
23.784142300054445	100.02068028624988
24.130090616010463	100.03738693571549
24.481070866093134	100.04946285986468
24.837156241469714	100.05886320951208
25.1984209978975	100.06787507749418
25.56494047120865	100.07943083898293
25.936791093020236	100.09468272938575
26.3140504066728	100.11247338147045
26.69679708340074	100.12966742499972
27.08511093873791	100.1447238827069
27.47907294916184	100.1574640433977
27.878765268980047	100.16961968398554
28.284271247461966	100.17986534690857
28.695675446220072	100.18490513401872
29.11306365684382	100.18256952262298
29.536522918790062	100.17438364069395
29.966141537533712	100.17400299859774
30.402009102982383	100.1963144408394
30.844216508158908	100.24240492976418
31.29285596815558	100.28543061110706
31.74802103936409	100.2946137747136
32.20980663898519	100.26492928874404
32.67830906482211	100.21362120292298
33.153626015361866	100.1789448945118
33.63585661014871	100.18663798214617
34.125101410453844	100.22639228384605
34.62146244024586	100.26458166496722
35.12504320746613	100.27860218354851
35.635948725613716	100.2735078936112
36.15428553564419	100.26612981840513
36.68016172818701	100.26305751492171
37.21368696608603	100.26038136726936
37.754972507267915	100.25769818641491
38.30413122794313	100.25756739080629
38.86127764614443	100.26168146061269
39.4265279456077	100.26401029475753
40.000000000000206	100.259933
40.58181339750116	100.25598247386255
41.1720894657399	100.25743033670255
41.77095129709678	100.25743467938797
42.37852377437204	100.24910190807567
42.9949335968281	100.24037936237524
43.62030930661056	100.2385018310218
44.25478131555359	100.23773405237925
44.89848193237519	100.22991724679616
45.55154539026795	100.22085822029906
46.21410787489121	100.21935800087698
46.88630755277036	100.2126366462665
47.56828460010916	100.19033110155765
48.260181232021196	100.16871170615644
48.962141732186545	100.16336027811874
49.674312482939705	100.15657998226372
50.39684199579528	100.14269754234272
51.129880942417586	100.13144004706535
51.873582186040764	100.12200783723264
52.628100813345895	100.11062955283566
53.393594166801776	100.10321103387814
54.17022187747612	100.09607686934814
54.95814589832399	100.08147927077961
55.75753053796041	100.0699597521078
56.56854249492426	100.06433917930845
57.39135089244048	100.0494714505242
58.226127313687975	100.01988900031779
59.073045837580466	99.98585651909731
59.932283075067765	99.98362765770328
60.804018205965114	99.98563603833273
61.68843301631817	99.9722385254875
62.58571193631152	99.95493686785906
63.49604207872855	99.9305931229106
64.41961327797075	99.90955181577148
65.35661812964459	99.8949106343247
66.3072520307241	99.8741056625551
67.27171322029778	99.84818818159417
68.25020282090806	99.82537505603754
69.2429248804921	99.80188264574072
70.25008641493265	99.77932882303502
71.27189745122783	99.75517007447226
72.30857107128878	99.73599988015158
73.36032345637442	99.71308269802076
74.42737393217246	99.68178758751823
75.50994501453623	99.65967898464251
76.60826245588666	99.638231246556
77.72255529228926	99.6088165848701
78.85305589121582	99.58209347592546
80.00000000000082	99.55786899999998
81.16362679500274	99.53076903388346
82.34417893148023	99.49830832618784
83.541902594194	99.46574746831406
84.75704754874454	99.4362526116433
85.98986719365665	99.40794822482036
87.24061861322157	99.38021995447735
88.50956263110764	99.3377526415844
89.79696386475084	99.30175861962672
91.10309078053635	99.26938162090617
92.42821574978288	99.23966757027813
93.77261510554118	99.197041920477
95.13656920021877	99.1650913457729
96.52036246404286	99.12687737164606
97.92428346437356	99.09140662751376
99.34862496587989	99.05098645283621
100.79368399159105	99.01458092676378
102.25976188483567	98.96984051647412
103.74716437208203	98.92987107544012
105.25620162669229	98.88846046583733
106.78718833360406	98.84421420102034
108.34044375495276	98.79913119244992
109.9162917966485	98.75400378508657
111.51506107592134	98.70686566647518
113.13708498984903	98.66567498396016
114.78270178488147	98.61789667539568
116.45225462737648	98.57639541799239
118.14609167516147	98.5334486480405
119.86456615013608	98.48248724828406
121.60803641193078	98.43544683459389
123.3768660326369	98.39236629541261
125.17142387262359	98.34485778696457
126.99208415745765	98.29632260907913
128.83922655594208	98.25022307749903
130.71323625928977	98.20138263661039
132.61450406144883	98.15460190661872
134.5434264405962	98.1088455157472
136.50040564181674	98.06016611319907
138.48584976098482	98.0150270741691
140.50017282986593	97.96502028439045
142.5437949024563	97.91714366888853
144.61714214257822	97.87519179095753
146.7206469127495	97.81978532765181
148.8547478643456	97.76796442981494
151.01989002907314	97.71994784381204
153.216524911774	97.66967305368367
155.4451105845792	97.61413575037434
157.70611178243232	97.55479030760931
160.00000000000236	97.51093299999994
162.3272535900062	97.4495623919301
164.6883578629612	97.39124692539535
167.08380518838874	97.34328604004618
169.51409509748981	97.28350678715411
171.97973438731407	97.23443834094742
174.4812372264439	97.17573982895208
177.01912526221608	97.12151046982646
179.5939277295025	97.06330804629688
182.20618156107355	97.0088967745575
184.85643149956664	96.95085579647318
187.54523021108326	96.89072126276434
190.27313840043846	96.82611205458839
193.04072492808663	96.76788498294049
195.84856692874806	96.70711372982149
198.69724993176072	96.6488587058371
201.58736798318304	96.58657717259427
204.5195237696723	96.52541222321636
207.49432874416505	96.46452230412991
210.5124032533856	96.40300569837838
213.57437666720915	96.34086138755924
216.68088750990657	96.27876538759861
219.83258359329807	96.21907520273594
223.03012215184378	96.15704812713112
226.2741699796992	96.09756193695581
229.5654035697641	96.03789626260887
232.90450925475412	95.9718221703433
236.2921833503241	95.9042912285361
239.72913230027333	95.84247942014574
243.21607282386276	95.77970582753194
246.75373206527502	95.71594836385358
250.34284774524843	95.65548881824877
253.9841683149166	95.60413527425473
257.67845311188546	95.54626788089692
261.42647251858085	95.48269114349256
265.22900812289896	95.41582752684194
269.08685288119375	95.35666915876128
273.0008112836349	95.29890015931535
276.97169952197106	95.24095063274909
281.00034565973334	95.1831789037286
285.0875898049141	95.12772722113
289.23428428515797	95.07514050040935
293.44129382550057	95.0129406335384
297.7094957286928	94.95144440046514
302.0397800581479	94.8949480933785
306.4330498235497	94.83743519052263
310.89022116916016	94.77763386127401
315.41222356486645	94.72136519813763
320.00000000000654	94.66488599999991
324.6545071800142	94.60634253959121
329.3767157259242	94.54885141628326
334.16761037677935	94.49290787931257
339.02819019498156	94.43386441639973
343.95946877463007	94.37834220280999
348.9624744528898	94.32119704704286
354.03825052443415	94.26965691426012
359.187855459007	94.21224738972178
364.4123631221491	94.15620977970069
369.71286299913527	94.10657958920537
375.0904604221685	94.0528178308096
380.54627680087896	94.00449800335039
386.08144985617537	93.955071983958
391.6971338574982	93.90449194400694
397.3944998635236	93.85342720631303
403.1747359663683	93.80044870506791
409.0390475393468	93.75012184236992
414.9886574883323	93.70364442622096
421.0248065067734	93.6554453921897
427.1487533344206	93.60645221626609
433.3617750198154	93.55840137668251
439.6651671865984	93.51083460905758
446.06024430368984	93.46626014680324
452.54833995940066	93.4199290442831
459.13080713953053	93.37459078057775
465.8090185095106	93.33147823469264
472.58436670065066	93.28727258310417
479.45826460054917	93.24504161275495
486.432145647728	93.20307811170514
493.50746413055253	93.1629132242585
500.6856954904994	93.12144533228343
507.9683366298358	93.08125971847657
515.3569062237735	93.04259977696516
522.8529450371643	93.00327475005419
530.4580162458005	92.96714967088185
538.1737057623901	92.93021296400572
546.0016225672724	92.89502109435368
553.9433990439449	92.86168172216726
562.0006913194694	92.82923579932657
570.1751796098309	92.79618412882029
578.4685685703187	92.76565450537895
586.8825876510039	92.7336835313885
595.4189914573883	92.70369721096824
604.0795601162986	92.67489960903924
612.8660996471021	92.64711974084302
621.780442338323	92.61931938338445
630.8244471297356	92.59903103469418
640.0000000000159	92.57102999999995
649.3090143600314	92.54997207861618
658.7534314518515	92.52930200982689
668.3352207535618	92.51185266492845
678.0563803899662	92.4935756799277
687.9189375492632	92.47971362744302
697.9249489057827	92.4644003290106
708.0765010488715	92.45322106502809
718.3757109180171	92.44422848329077
728.8247262443015	92.43546876391451
739.425725998274	92.43091270727406
750.1809208443404	92.43140859130409
761.0925536017613	92.43029833267101
772.1628997123541	92.43119023774906
783.3942677149998	92.4377858835894
794.7889997270506	92.44416308638304
806.34947193274	92.45466354157908
818.0780950786972	92.47142381308674
829.9773149766683	92.4904425845295
842.0496130135506	92.51264827057874
854.2975066688449	92.54070488232212
866.7235500396347	92.57337109056228
879.3303343732008	92.61083515843292
892.1204886073838	92.65326194788385
905.0966799188055	92.70105434527967
918.2616142790653	92.75620129832791
931.6180370190256	92.81894706918033
945.1687334013056	92.88783313412348
958.9165292011028	92.96164237370974
972.8642912954606	93.03960090265997
987.0149282611097	93.13153445320896
1001.3713909810035	93.22751286022063
1015.9366732596762	93.33084044599637
1030.7138124475518	93.44244197128852
1045.7058900743334	93.5576930899324
1060.916032491606	93.68394690896227
1076.3474115247852	93.80944718706868
1092.0032451345498	93.94449155178606
1107.8867980878947	94.08456184785793
1124.0013826389438	94.22150517206194
1140.350359219667	94.36576694253627
1156.9371371406426	94.51150168766311
1173.765175302013	94.65622547312617
1190.837982914782	94.80382550928188
1208.1591202326028	94.95063597948482
1225.73219929421	95.09652348886867
1243.5608846766518	95.2428887498794
1261.648894259477	95.38527639497497
1280.0000000000375	95.52800000000029
1298.6180287200684	95.66677719024837
1317.5068629037087	95.8080013282682
1336.6704415071292	95.94198703507467
1356.112760779938	96.0766027645485
1375.8378750985323	96.20941281935242
1395.8498978115715	96.33996790516059
1416.153002097749	96.46904766066994
1436.7514218360407	96.59857981973221
1457.6494524886093	96.72739126080224
1478.8514519965543	96.85528380132716
1500.3618416886875	96.98030337130066
1522.1851072035295	97.10517085899288
1544.3257994247153	97.23218467077054
1566.788535430007	97.3577746179005
1589.5779994541087	97.48343417091833
1612.6989438654878	97.61052931590717
1636.156190157402	97.73728602893821
1659.9546299533442	97.86292274880961
1684.099226027109	97.98953702897026
1708.5950133376978	98.11700067772055
1733.4471000792773	98.24513837091563
1758.6606687464096	98.37505971877327
1784.2409772147755	98.50522628125216
1810.193359837619	98.63652607449312
1836.5232285581387	98.76758076642196
1863.2360740380593	98.89955400681572
1890.3374668026197	99.03068810371693
1917.833058402214	99.16119302052157
1945.7285825909298	99.29233480094967
1974.0298565222283	99.42339689832696
2002.7427819620161	99.54917674148824
2031.8733465193618	99.67989644735393
2061.4276248951132	99.80586088245956
2091.411780148677	99.93167524027764
2121.832064983222	100.05707020638015
2152.694823049581	100.17567619037258
2184.0064902691106	100.28930431916164
2215.7735961758003	100.39215273453988
2248.002765277899	100.48863888443076
2280.7007184393456	100.5765854972433
2313.874274281297	100.65397158218353
2347.530350604038	100.72138432172072
2381.6759658295764	100.77853244558422
2416.318240465218	100.82547373151444
2451.4643985884327	100.85889263532364
2487.1217693533167	100.8821322217551
2523.2977885189675	100.89195068062224
2560.0000000000887	100.88925199999997
2597.236057440151	100.87449494269707
2635.0137258074315	100.84925823332281
2673.340883014273	100.81301584943272
2712.225521559891	100.77404802739699
2751.6757501970797	100.74168078542208
2791.699795623158	100.73548827828323
2832.3060041955137	100.77477684297327
2873.502843672097	100.8483510529992
2915.2989049772345	100.93754854534977
2957.7029039931244	101.01551996684456
3000.723683377391	101.0645417858011
3044.370214407075	101.08293091175435
3088.6515988494466	101.08172332913313
3133.57707086003	101.07197931138428
3179.1559989082334	101.05530661350363
3225.3978877309914	101.03568527968655
3272.3123803148205	101.01562476164655
3319.9092599067053	100.99394973379478
3368.198452054235	100.97061465434547
3417.190026675413	100.9455581283288
3466.8942001585724	100.91565318970592
3517.3213374928373	100.88049120496747
3568.4819544295697	100.83788127159606
3620.386719675257	100.78754958274125
3673.0464571162966	100.73182252660872
3726.472148076138	100.68103526990654
3780.6749336052594	100.64942423131725
3835.6661168044484	100.63578937086129
3891.45716518188	100.6364399279403
3948.059713044477	100.63665077243108
4005.4855639240527	100.6262022022645
4063.746693038744	100.6003437968421
4122.855249790247	100.56410350505759
4182.823560297375	100.51138187835902
4243.664129966465	100.44723245085093
4305.389646099183	100.36483066113935
4368.012980538242	100.26299222364962
4431.5471923516225	100.148465536614
4496.00553055582	100.01689985005594
4561.401436878714	99.86891796267136
4627.748548562617	99.70947108669026
4695.060701208099	99.53179906337218
4763.351931659176	99.33818776585817
4832.63648093046	99.13125547590049
4902.928797176889	98.91105578541102
4974.243538706657	98.68344577345721
5046.595577037959	98.44972012049004
5120.000000000202	98.21170457142792
5194.472114880326	97.96871713042488
5270.027451614888	97.71889605136961
5346.6817660285715	97.47106650695757
5424.451043119808	97.22432235056829
5503.351500394186	96.980036084544
5583.399591246343	96.75085601168536
5664.612008391055	96.53310209358175
5747.005687344222	96.32769521453832
5830.597809954497	96.13972867183544
5915.405807986278	95.97410024311004
6001.447366754812	95.83525332954828
6088.740428814181	95.72027222891833
6177.303197698925	95.6341438730531
6267.154141720092	95.5761664018926
6358.3119978165005	95.56039711494618
6450.795775462017	95.57877477352976
6544.624760629676	95.63391825332572
6639.818519813445	95.73436224567519
6736.396904108505	95.88248116815993
6834.380053350861	96.07793143969451
6933.788400317181	96.32631471589794
7034.642674985712	96.63910244940362
7136.963908859177	97.01927956357623
7240.773439350552	97.47633260264006
7346.092914232631	98.01246669556737
7452.944296152315	98.62617829359348
7561.349867210557	99.31729758612556
7671.332233608935	100.07164399952669
7782.914330363799	100.85854522500651
7896.119426088994	101.61952911426212
8010.971127848146	102.2321338840627
8127.49338607753	102.53979865005142
8245.710499580537	102.41612354335422
8365.647120594791	101.85470348623285
8487.328259932974	101.00743701624695
8610.77929219841	99.96656311545311
8736.025961076528	98.82607290228827
8863.094384703289	97.663745224567
8992.011061111683	96.5376056300246
9122.802873757471	95.48163306673582
9255.497097125279	94.51763535282363
9390.121402416245	93.63027979593629
9526.7038633184	92.85326687048381
9665.272961860968	92.09857394326515
9805.857594353829	91.43588147641822
9948.487077413367	90.82442746461055
10093.19115407597	90.2785911994054
10240.000000000457	89.76842639999845
10388.944229760706	89.3175089241634
10540.05490322983	88.91512507865727
10693.363532057198	88.53748999301546
10848.902086239672	88.20889980886358
11006.703000788428	87.91390971089281
11166.799182492743	87.66684061262441
11329.224016782166	87.45825672180501
11494.0113746885	87.29556876985079
11661.195619909053	87.18352361229483
11830.811615972614	87.07930016359111
12002.894733509682	87.03383911322854
12177.48085762842	87.02156330994427
12354.606395397908	87.05844922733712
12534.308283440243	87.16546094599687
12716.62399563306	87.34921104696168
12901.591550924093	87.68302574535721
13089.249521259411	88.08245412671904
13279.637039626952	88.60255799622885
13472.793808217073	89.2412734729968
13668.760106701786	89.90361987876969
13867.576800634426	90.467956049455
14069.285349971487	90.73685842159004
14273.927817718419	90.70065716904561
14481.54687870117	90.35375379169363
14692.18582846533	89.89019234172059
14905.888592304698	89.51533427667334
15122.699734421185	89.35165034940295
15342.664467217943	89.49074300840053
15565.828660727671	89.97255766342379
15792.238852178061	90.74725729667001
16021.942255696367	91.55933056187286
16254.986772155136	91.66054085847676
16491.42099916115	90.3700667699505
16731.294241189662	88.29151175242659
16974.65651986603	86.12155794637444
17221.558584396902	83.79881187125335
17472.051922153143	80.25118796046229
17726.188769406665	78.90528308987732
17984.022122223458	78.46954527274515
18245.605747515034	77.87077463755804
18510.99419425065	77.30242576251916
18780.242804832582	76.7018905700791
19053.40772663689	76.24393790839844
19330.545923722028	75.41746750214504
19611.71518870775	74.11615610408428
19896.974154826825	73.322289
20186.382308152035	73.322289