20	104.850426
20.290906698750476	104.850426
20.586044732869844	104.88329159166899
20.885475648548283	104.91099508696128
21.189261887185914	104.93748195087798
21.49746679841394	104.96557190699212
21.810154653305165	104.99532691160155
22.12739065777668	105.02752867779867
22.449240966187475	105.06071813954594
22.77577269513385	105.09377761525464
23.107053937445478	105.12529318105695
23.44315377638505	105.15413619895007
23.784142300054445	105.17946828147176
24.130090616010463	105.20228095124546
24.481070866093134	105.22289406531065
24.837156241469714	105.2433476329191
25.1984209978975	105.26529673603282
25.56494047120865	105.28921302003235
25.936791093020236	105.31476007592046
26.3140504066728	105.34065994717375
26.69679708340074	105.36479079743425
27.08511093873791	105.38663180168747
27.47907294916184	105.40564797143261
27.878765268980047	105.42363639215533
28.284271247461966	105.44239831284045
28.695675446220072	105.46279539124089
29.11306365684382	105.4847902670461
29.536522918790062	105.5073755726166
29.966141537533712	105.52843805501912
30.402009102982383	105.54728978336234
30.844216508158908	105.56443248901122
31.29285596815558	105.58142461617254
31.74802103936409	105.5985321689366
32.20980663898519	105.61512013622507
32.67830906482211	105.63048337866124
33.153626015361866	105.64467537389291
33.63585661014871	105.6585579285472
34.125101410453844	105.67270015135308
34.62146244024586	105.68656361775643
35.12504320746613	105.69912196058839
35.635948725613716	105.71017779020463
36.15428553564419	105.72042945370579
36.68016172818701	105.73046227531461
37.21368696608603	105.74027674810104
37.754972507267915	105.74958302694965
38.30413122794313	105.75845000346672
38.86127764614443	105.76622889503987
39.4265279456077	105.77299989552833
40.000000000000206	105.778618
40.58181339750116	105.78341215837594
41.1720894657399	105.78735208701009
41.77095129709678	105.79010628490123
42.37852377437204	105.79251969020589
42.9949335968281	105.79569309752573
43.62030930661056	105.79902350331804
44.25478131555359	105.80013551169289
44.89848193237519	105.79889615825981
45.55154539026795	105.79700405020589
46.21410787489121	105.79600209636433
46.88630755277036	105.79402485755651
47.56828460010916	105.78940421507993
48.260181232021196	105.78373503896835
48.962141732186545	105.77968294001332
49.674312482939705	105.77435249349543
50.39684199579528	105.7647692072557
51.129880942417586	105.75538870173055
51.873582186040764	105.74848835202812
52.628100813345895	105.73670420486678
53.393594166801776	105.7213606390986
54.17022187747612	105.71152261709739
54.95814589832399	105.70478855947535
55.75753053796041	105.68978755657068
56.56854249492426	105.6737054415005
57.39135089244048	105.65595920264239
58.226127313687975	105.6406371207008
59.073045837580466	105.63907103819463
59.932283075067765	105.63461331540655
60.804018205965114	105.59546955729373
61.68843301631817	105.56281671518579
62.58571193631152	105.54187516065548
63.49604207872855	105.51840052344095
64.41961327797075	105.4947802045254
65.35661812964459	105.47077582125634
66.3072520307241	105.44435590684752
67.27171322029778	105.41665004642631
68.25020282090806	105.38825663498135
69.2429248804921	105.36108375351058
70.25008641493265	105.33055810561665
71.27189745122783	105.29923120814296
72.30857107128878	105.26619550941444
73.36032345637442	105.23084062114673
74.42737393217246	105.19786523415934
75.50994501453623	105.1645862843354
76.60826245588666	105.12885541158558
77.72255529228926	105.09238967241373
78.85305589121582	105.0529616000368
80.00000000000082	105.01613599999997
81.16362679500274	104.97882712261303
82.34417893148023	104.93338302171156
83.541902594194	104.89001690742904
84.75704754874454	104.84672982799134
85.98986719365665	104.80319196973439
87.24061861322157	104.756637506205
88.50956263110764	104.71129427916405
89.79696386475084	104.66380805552737
91.10309078053635	104.61516441857637
92.42821574978288	104.56333396706727
93.77261510554118	104.5142027063821
95.13656920021877	104.46433332721814
96.52036246404286	104.41154237497274
97.92428346437356	104.35795079809392
99.34862496587989	104.30312183507621
100.79368399159105	104.24703560426138
102.25976188483567	104.19043898521197
103.74716437208203	104.1320640174632
105.25620162669229	104.07562985267664
106.78718833360406	104.01657539495987
108.34044375495276	103.95453683579221
109.9162917966485	103.89295556929636
111.51506107592134	103.82934485447066
113.13708498984903	103.76616414737705
114.78270178488147	103.70161127966986
116.45225462737648	103.63675256519859
118.14609167516147	103.57009132319948
119.86456615013608	103.5049399400264
121.60803641193078	103.43725854027103
123.3768660326369	103.36744394679476
125.17142387262359	103.29834641429326
126.99208415745765	103.22650952708054
128.83922655594208	103.15497432899299
130.71323625928977	103.08362114182236
132.61450406144883	103.00923807428846
134.5434264405962	102.93315760306285
136.50040564181674	102.85713030539064
138.48584976098482	102.78172256543336
140.50017282986593	102.70517810328074
142.5437949024563	102.62559877856671
144.61714214257822	102.54748953237862
146.7206469127495	102.46764979391807
148.8547478643456	102.3859188831356
151.01989002907314	102.30323604390107
153.216524911774	102.22039344076666
155.4451105845792	102.1368777775332
157.70611178243232	102.0499449611764
160.00000000000236	101.95980799999991
162.3272535900062	101.87115825624947
164.6883578629612	101.79409536994974
167.08380518838874	101.71600092254722
169.51409509748981	101.63297650252325
171.97973438731407	101.54788873652494
174.4812372264439	101.45978786222476
177.01912526221608	101.36774977273248
179.5939277295025	101.26492167386174
182.20618156107355	101.17761487282912
184.85643149956664	101.0838872492441
187.54523021108326	100.9865679903543
190.27313840043846	100.88862185755336
193.04072492808663	100.78826353235624
195.84856692874806	100.68693001597612
198.69724993176072	100.58472294273132
201.58736798318304	100.48722020707456
204.5195237696723	100.3949055236097
207.49432874416505	100.30641410057605
210.5124032533856	100.22880959445808
213.57437666720915	100.15451373031607
216.68088750990657	100.08385080494801
219.83258359329807	100.01199712185148
223.03012215184378	99.91891120384972
226.2741699796992	99.83299130420544
229.5654035697641	99.72795596692055
232.90450925475412	99.60408349711379
236.2921833503241	99.49299965828814
239.72913230027333	99.3919868694119
243.21607282386276	99.30081973722706
246.75373206527502	99.1812795782153
250.34284774524843	99.07785657028363
253.9841683149166	98.97866426697544
257.67845311188546	98.86902800362762
261.42647251858085	98.76568488465823
265.22900812289896	98.65668387951689
269.08685288119375	98.54939105973325
273.0008112836349	98.44198319578467
276.97169952197106	98.33278561453095
281.00034565973334	98.22319192919728
285.0875898049141	98.11573798688906
289.23428428515797	97.99761856528042
293.44129382550057	97.88657700413982
297.7094957286928	97.77155232561472
302.0397800581479	97.66124173363335
306.4330498235497	97.55447618430061
310.89022116916016	97.44448044945982
315.41222356486645	97.3253526311599
320.00000000000654	97.21086099999984
324.6545071800142	97.09697731102372
329.3767157259242	96.98092244387816
334.16761037677935	96.86707502364878
339.02819019498156	96.74845014732655
343.95946877463007	96.6287519367164
348.9624744528898	96.51465899822605
354.03825052443415	96.3964615367234
359.187855459007	96.28154980268584
364.4123631221491	96.15996464393787
369.71286299913527	96.03738877741556
375.0904604221685	95.91619759874943
380.54627680087896	95.80200346493132
386.08144985617537	95.67581130944461
391.6971338574982	95.55663611847268
397.3944998635236	95.4383223682309
403.1747359663683	95.31730911952542
409.0390475393468	95.19653646652502
414.9886574883323	95.07928976302253
421.0248065067734	94.95757239224965
427.1487533344206	94.83008107944003
433.3617750198154	94.70434986480464
439.6651671865984	94.57944429107975
446.06024430368984	94.45267937822496
452.54833995940066	94.32249828872436
459.13080713953053	94.19434009930389
465.8090185095106	94.06507271996202
472.58436670065066	93.93966597989537
479.45826460054917	93.79938766820723
486.432145647728	93.66553290754857
493.50746413055253	93.53735655588699
500.6856954904994	93.41624355300574
507.9683366298358	93.31267529270295
515.3569062237735	93.20818925007414
522.8529450371643	93.18471194341774
530.4580162458005	93.15005721117409
538.1737057623901	93.06875189544247
546.0016225672724	92.94459213898543
553.9433990439449	92.80125857258528
562.0006913194694	92.65891139399304
570.1751796098309	92.51697396621724
578.4685685703187	92.37423561947938
586.8825876510039	92.23794793352064
595.4189914573883	92.10348425847832
604.0795601162986	91.9675794960862
612.8660996471021	91.83133083495503
621.780442338323	91.70657287902617
630.8244471297356	91.57619049594825
640.0000000000159	91.43705699999977
649.3090143600314	91.30798193048955
658.7534314518515	91.14401147742481
668.3352207535618	91.04397065877534
678.0563803899662	90.92337413799719
687.9189375492632	90.79537435035508
697.9249489057827	90.67291817805759
708.0765010488715	90.54524324981581
718.3757109180171	90.4210269072555
728.8247262443015	90.30692361947918
739.425725998274	90.18242911555389
750.1809208443404	90.07079951164057
761.0925536017613	89.94924210411745
772.1628997123541	89.82910788419102
783.3942677149998	89.70820563338295
794.7889997270506	89.58976443252241
806.34947193274	89.47783993978226
818.0780950786972	89.36795149645005
829.9773149766683	89.2610302940187
842.0496130135506	89.1597260532267
854.2975066688449	89.05584890956592
866.7235500396347	88.95484591315184
879.3303343732008	88.8591384973014
892.1204886073838	88.77558709041334
905.0966799188055	88.69135086259438
918.2616142790653	88.59756455866369
931.6180370190256	88.5217945874074
945.1687334013056	88.45212518496234
958.9165292011028	88.38764362667844
972.8642912954606	88.3352626300722
987.0149282611097	88.2995729002578
1001.3713909810035	88.29375582496938
1015.9366732596762	88.299783443265
1030.7138124475518	88.27052393989507
1045.7058900743334	88.10852309992823
1060.916032491606	87.8010039274551
1076.3474115247852	87.54436319181565
1092.0032451345498	87.4432680441289
1107.8867980878947	87.38775639309334
1124.0013826389438	87.3382540103619
1140.350359219667	87.2830134635116
1156.9371371406426	87.23320192914572
1173.765175302013	87.18127476198275
1190.837982914782	87.13663341344689
1208.1591202326028	87.10094259554486
1225.73219929421	87.08487646808108
1243.5608846766518	87.08383012124371
1261.648894259477	87.1225139470526
1280.0000000000375	87.1936800000003
1298.6180287200684	87.34494084447701
1317.5068629037087	87.50353731631942
1336.6704415071292	87.74239334324935
1356.112760779938	88.02793306311953
1375.8378750985323	88.33553369661786
1395.8498978115715	88.70641496571658
1416.153002097749	89.08274143768614
1436.7514218360407	89.45566506111555
1457.6494524886093	89.81397724114532
1478.8514519965543	90.15473610749494
1500.3618416886875	90.47351511283844
1522.1851072035295	90.76597305865594
1544.3257994247153	91.0273681643498
1566.788535430007	91.26607473388717
1589.5779994541087	91.48469380986273
1612.6989438654878	91.68596704711305
1636.156190157402	91.87470877192649
1659.9546299533442	92.0560972533685
1684.099226027109	92.2283410629315
1708.5950133376978	92.3910769264322
1733.4471000792773	92.55547186388775
1758.6606687464096	92.7210542963956
1784.2409772147755	92.89350864645542
1810.193359837619	93.07379536355728
1836.5232285581387	93.25415217685288
1863.2360740380593	93.44382084921976
1890.3374668026197	93.64246288866913
1917.833058402214	93.84778801083773
1945.7285825909298	94.05555617874344
1974.0298565222283	94.27629456186524
2002.7427819620161	94.50139776444549
2031.8733465193618	94.73464872050648
2061.4276248951132	94.97505829871771
2091.411780148677	95.21317092457805
2121.832064983222	95.45852984827955
2152.694823049581	95.70507795454564
2184.0064902691106	95.9525181505596
2215.7735961758003	96.19704001141703
2248.002765277899	96.43751402266334
2280.7007184393456	96.66998902011893
2313.874274281297	96.89520657503502
2347.530350604038	97.11173826636679
2381.6759658295764	97.31376568640353
2416.318240465218	97.50498120512849
2451.4643985884327	97.6771761184669
2487.1217693533167	97.83382808213166
2523.2977885189675	97.97032005831421
2560.0000000000887	98.08947750000026
2597.236057440151	98.1906378479203
2635.0137258074315	98.27573067115087
2673.340883014273	98.3415642817527
2712.225521559891	98.39442423718623
2751.6757501970797	98.43074603616712
2791.699795623158	98.45693582665858
2832.3060041955137	98.46901355371799
2873.502843672097	98.47568935930695
2915.2989049772345	98.47625293995677
2957.7029039931244	98.46880724861306
3000.723683377391	98.46004744928203
3044.370214407075	98.44562493395387
3088.6515988494466	98.42674843892239
3133.57707086003	98.40361732846958
3179.1559989082334	98.37530922991434
3225.3978877309914	98.34246867300212
3272.3123803148205	98.30416215195356
3319.9092599067053	98.26231985421228
3368.198452054235	98.22305886399492
3417.190026675413	98.19282126427349
3466.8942001585724	98.17820473035019
3517.3213374928373	98.18012800575279
3568.4819544295697	98.18356871098474
3620.386719675257	98.17125439544844
3673.0464571162966	98.13541653007012
3726.472148076138	98.08174405198697
3780.6749336052594	98.00645143370276
3835.6661168044484	97.91249514553964
3891.45716518188	97.7918941182064
3948.059713044477	97.65695364410196
4005.4855639240527	97.48901224352464
4063.746693038744	97.30637751821214
4122.855249790247	97.09116489709473
4182.823560297375	96.84099667890754
4243.664129966465	96.55611071143203
4305.389646099183	96.24548455912651
4368.012980538242	95.9270227426733
4431.5471923516225	95.61167006179532
4496.00553055582	95.29105607912466
4561.401436878714	94.95729320700116
4627.748548562617	94.60360173759338
4695.060701208099	94.22999683381595
4763.351931659176	93.84009581461612
4832.63648093046	93.43012639861205
4902.928797176889	93.00279669166801
4974.243538706657	92.57068022884073
5046.595577037959	92.13626566552334
5120.000000000202	91.69579071428451
5194.472114880326	91.25622705138613
5270.027451614888	90.82599241820337
5346.6817660285715	90.41081737531923
5424.451043119808	90.00944369211973
5503.351500394186	89.62748880795539
5583.399591246343	89.26449525718716
5664.612008391055	88.94100799989265
5747.005687344222	88.6368594860771
5830.597809954497	88.3516044045027
5915.405807986278	88.09384090690749
6001.447366754812	87.87301610385157
6088.740428814181	87.69220314522316
6177.303197698925	87.548143110495
6267.154141720092	87.43167347490498
6358.3119978165005	87.35527441692398
6450.795775462017	87.30872765083483
6544.624760629676	87.29867645677353
6639.818519813445	87.34080732128595
6736.396904108505	87.43575396095919
6834.380053350861	87.57771686448623
6933.788400317181	87.77801940991364
7034.642674985712	88.0521739516015
7136.963908859177	88.40996938870082
7240.773439350552	88.83022187225933
7346.092914232631	89.33784344308894
7452.944296152315	89.93716817594434
7561.349867210557	90.62806382191641
7671.332233608935	91.38102448517185
7782.914330363799	92.12380751268591
7896.119426088994	92.74656471331501
8010.971127848146	93.05469846593735
8127.49338607753	92.88241652705443
8245.710499580537	92.27387392932465
8365.647120594791	91.3668621228019
8487.328259932974	90.32234438272171
8610.77929219841	89.23294938721274
8736.025961076528	88.15704332796794
8863.094384703289	87.11452621396828
8992.011061111683	86.16023426796728
9122.802873757471	85.29193321883527
9255.497097125279	84.58023424572856
9390.121402416245	83.85463664586109
9526.7038633184	83.26558638120802
9665.272961860968	82.73865238180191
9805.857594353829	82.30796523980014
9948.487077413367	81.94784029762556
10093.19115407597	81.66747273991368
10240.000000000457	81.46721219999951
10388.944229760706	81.34821693586687
10540.05490322983	81.30591362442013
10693.363532057198	81.36733065133764
10848.902086239672	81.51489954508317
11006.703000788428	81.76385973390862
11166.799182492743	82.12913598576776
11329.224016782166	82.64747647923724
11494.0113746885	83.30770191997347
11661.195619909053	84.2654944927811
11830.811615972614	85.50601281198816
12002.894733509682	87.16585375935483
12177.48085762842	89.26548092143817
12354.606395397908	92.21440306723709
12534.308283440243	94.93771315588404
12716.62399563306	94.38742999866477
12901.591550924093	91.05850162145812
13089.249521259411	87.52567143772245
13279.637039626952	84.6929999521442
13472.793808217073	82.50488875087012
13668.760106701786	80.76625550510064
13867.576800634426	79.36645178491355
14069.285349971487	78.24910530662937
14273.927817718419	77.37204111480241
14481.54687870117	76.75285014973282
14692.18582846533	76.33722799126109
14905.888592304698	76.49515809251231
15122.699734421185	76.47198970961644
15342.664467217943	76.52238718259031
15565.828660727671	77.19269690311813
15792.238852178061	78.17675140763787
16021.942255696367	79.62821775921996
16254.986772155136	81.56961010126443
16491.42099916115	83.76129485844807
16731.294241189662	85.04211325435998
16974.65651986603	83.92733673518289
17221.558584396902	81.5285616860709
17472.051922153143	79.19101249663971
17726.188769406665	77.28716532660476
17984.022122223458	75.85605719444673
18245.605747515034	74.66182806622798
18510.99419425065	73.73882609783783
18780.242804832582	72.85739080753044
19053.40772663689	71.62690492545482
19330.545923722028	69.75996284291112
19611.71518870775	66.86817376404696
19896.974154826825	65.087639
20186.382308152035	65.087639