20	112.178558
20.290906698750476	112.178558
20.586044732869844	112.2108133628063
20.885475648548283	112.23634506801167
21.189261887185914	112.25899341337764
21.49746679841394	112.28146113406616
21.810154653305165	112.30458248590622
22.12739065777668	112.3287639266469
22.449240966187475	112.35320308614173
22.77577269513385	112.3765738804358
23.107053937445478	112.39790647313626
23.44315377638505	112.41670078667599
23.784142300054445	112.4330918816457
24.130090616010463	112.44834495777356
24.481070866093134	112.46326622379809
24.837156241469714	112.47855692887863
25.1984209978975	112.494024168736
25.56494047120865	112.50877880718454
25.936791093020236	112.52192309944732
26.3140504066728	112.53318510449587
26.69679708340074	112.54301896357354
27.08511093873791	112.55276309996484
27.47907294916184	112.5630883787737
27.878765268980047	112.57355735069106
28.284271247461966	112.5828514162327
28.695675446220072	112.59035764314606
29.11306365684382	112.59589195354542
29.536522918790062	112.59997211758423
29.966141537533712	112.60352592279848
30.402009102982383	112.60663755660133
30.844216508158908	112.60825041250209
31.29285596815558	112.60817030617046
31.74802103936409	112.60673529314698
32.20980663898519	112.60502588090795
32.67830906482211	112.60339494031167
33.153626015361866	112.60118474576228
33.63585661014871	112.59721908563142
34.125101410453844	112.59122482802262
34.62146244024586	112.58445554969406
35.12504320746613	112.57850182146835
35.635948725613716	112.5733435748932
36.15428553564419	112.56715126556392
36.68016172818701	112.5583169719054
37.21368696608603	112.54729000960089
37.754972507267915	112.5358140241323
38.30413122794313	112.52450649728534
38.86127764614443	112.51277358424608
39.4265279456077	112.50010560263725
40.000000000000206	112.486923
40.58181339750116	112.47320670343292
41.1720894657399	112.45712374879706
41.77095129709678	112.43810094863534
42.37852377437204	112.41870964789665
42.9949335968281	112.40087417626137
43.62030930661056	112.38360077624831
44.25478131555359	112.36407927278547
44.89848193237519	112.34241600323348
45.55154539026795	112.32015632648084
46.21410787489121	112.2976977363595
46.88630755277036	112.27192058663297
47.56828460010916	112.24442437065667
48.260181232021196	112.22169954201459
48.962141732186545	112.20027586887628
49.674312482939705	112.17153273288702
50.39684199579528	112.14074389021725
51.129880942417586	112.11285398319656
51.873582186040764	112.07856023605622
52.628100813345895	112.04121075062888
53.393594166801776	112.01690654576998
54.17022187747612	111.99635965340772
54.95814589832399	111.96153068817614
55.75753053796041	111.91978315662217
56.56854249492426	111.88059790673825
57.39135089244048	111.86346612848172
58.226127313687975	111.8558830481344
59.073045837580466	111.80607354674196
59.932283075067765	111.7075061470436
60.804018205965114	111.67408466183748
61.68843301631817	111.64979958008652
62.58571193631152	111.6066877928127
63.49604207872855	111.56361488528309
64.41961327797075	111.51600068324026
65.35661812964459	111.46786715851998
66.3072520307241	111.42347352815601
67.27171322029778	111.37466875408818
68.25020282090806	111.32496577247471
69.2429248804921	111.27387368255472
70.25008641493265	111.22209641724329
71.27189745122783	111.16708225370456
72.30857107128878	111.10993960175276
73.36032345637442	111.05468670652279
74.42737393217246	110.99691022797697
75.50994501453623	110.93524024814577
76.60826245588666	110.87380821205788
77.72255529228926	110.81111433556947
78.85305589121582	110.74356054465565
80.00000000000082	110.68022899999995
81.16362679500274	110.61072345839264
82.34417893148023	110.53953498530079
83.541902594194	110.4673567047939
84.75704754874454	110.39693909392996
85.98986719365665	110.32300922516274
87.24061861322157	110.24739938817612
88.50956263110764	110.17538051116712
89.79696386475084	110.10705812769767
91.10309078053635	110.03460076707378
92.42821574978288	109.96998955112765
93.77261510554118	109.91970178791998
95.13656920021877	109.875707390512
96.52036246404286	109.83799347126536
97.92428346437356	109.80860970895507
99.34862496587989	109.78273156448323
100.79368399159105	109.75089893952833
102.25976188483567	109.70873900572029
103.74716437208203	109.66295385983246
105.25620162669229	109.62940628707184
106.78718833360406	109.59404106741435
108.34044375495276	109.5460003441766
109.9162917966485	109.49838921113268
111.51506107592134	109.45378288284674
113.13708498984903	109.41102670132359
114.78270178488147	109.36144370222792
116.45225462737648	109.31786630602782
118.14609167516147	109.2670246612327
119.86456615013608	109.18530320566434
121.60803641193078	109.16516758419964
123.3768660326369	109.11524206028655
125.17142387262359	109.04857005214909
126.99208415745765	108.98163801727301
128.83922655594208	108.90814537757541
130.71323625928977	108.83492996019099
132.61450406144883	108.76008901724477
134.5434264405962	108.68454255587787
136.50040564181674	108.6060762297849
138.48584976098482	108.5275064342171
140.50017282986593	108.44750885705473
142.5437949024563	108.36698878497995
144.61714214257822	108.28771380137236
146.7206469127495	108.20526917162589
148.8547478643456	108.123072145372
151.01989002907314	108.04090318820899
153.216524911774	107.95846084742686
155.4451105845792	107.87649534657909
157.70611178243232	107.79265632930195
160.00000000000236	107.70902299999992
162.3272535900062	107.62491791706005
164.6883578629612	107.54244224082903
167.08380518838874	107.45799600301102
169.51409509748981	107.3740759684134
171.97973438731407	107.2907120080291
174.4812372264439	107.20630960121481
177.01912526221608	107.12201483577725
179.5939277295025	107.03664185364602
182.20618156107355	106.95440861557708
184.85643149956664	106.8696717586555
187.54523021108326	106.78772030919917
190.27313840043846	106.70265188622416
193.04072492808663	106.62250097490714
195.84856692874806	106.5433888948407
198.69724993176072	106.45741861548821
201.58736798318304	106.3774257756309
204.5195237696723	106.2958371804792
207.49432874416505	106.21368619862625
210.5124032533856	106.13127950668171
213.57437666720915	106.048046918977
216.68088750990657	105.96693378780218
219.83258359329807	105.88347838164457
223.03012215184378	105.80182624211706
226.2741699796992	105.71824264254568
229.5654035697641	105.63586361738886
232.90450925475412	105.55453566118351
236.2921833503241	105.47187015705644
239.72913230027333	105.39226010852877
243.21607282386276	105.31865018047581
246.75373206527502	105.24085086285348
250.34284774524843	105.16937465692932
253.9841683149166	105.10303343747053
257.67845311188546	105.03583945557446
261.42647251858085	104.9647012793947
265.22900812289896	104.90062039936831
269.08685288119375	104.82942040970607
273.0008112836349	104.75575204091216
276.97169952197106	104.67922761240169
281.00034565973334	104.6025903875293
285.0875898049141	104.52440809889309
289.23428428515797	104.4453986409443
293.44129382550057	104.36982927341212
297.7094957286928	104.27691882332483
302.0397800581479	104.20391415047727
306.4330498235497	104.14666565417716
310.89022116916016	104.07703405042857
315.41222356486645	104.0082418300121
320.00000000000654	103.94525899999991
324.6545071800142	103.8797905638088
329.3767157259242	103.81258906119994
334.16761037677935	103.7457528760122
339.02819019498156	103.67931304954435
343.95946877463007	103.61419053738973
348.9624744528898	103.54411351389304
354.03825052443415	103.47756301297655
359.187855459007	103.40696736699884
364.4123631221491	103.3405337578435
369.71286299913527	103.27361852654573
375.0904604221685	103.2070616683228
380.54627680087896	103.1408194840595
386.08144985617537	103.07499074960774
391.6971338574982	103.01203740984319
397.3944998635236	102.94711164651204
403.1747359663683	102.88376638372102
409.0390475393468	102.82386728890599
414.9886574883323	102.76366765670868
421.0248065067734	102.70277920621652
427.1487533344206	102.64187924098619
433.3617750198154	102.58272481995263
439.6651671865984	102.52990385934099
446.06024430368984	102.47659846336258
452.54833995940066	102.41184601767507
459.13080713953053	102.3571053119376
465.8090185095106	102.30249488729856
472.58436670065066	102.24972478827424
479.45826460054917	102.19505912432281
486.432145647728	102.14248509705287
493.50746413055253	102.09385619693957
500.6856954904994	102.04318815682058
507.9683366298358	101.99349505500632
515.3569062237735	101.94386250850302
522.8529450371643	101.89848214631928
530.4580162458005	101.85349157420117
538.1737057623901	101.80660661274533
546.0016225672724	101.76123018104386
553.9433990439449	101.71908117643132
562.0006913194694	101.67741185090412
570.1751796098309	101.63553400599629
578.4685685703187	101.59713976180372
586.8825876510039	101.55905288999617
595.4189914573883	101.52129461629015
604.0795601162986	101.48433524320797
612.8660996471021	101.45102406432306
621.780442338323	101.41880791498441
630.8244471297356	101.38459777569845
640.0000000000159	101.35471299999995
649.3090143600314	101.3255729923488
658.7534314518515	101.31014680066416
668.3352207535618	101.27442033782884
678.0563803899662	101.24745820925804
687.9189375492632	101.22397608054675
697.9249489057827	101.20218049899418
708.0765010488715	101.18547933370593
718.3757109180171	101.17444077369153
728.8247262443015	101.15814206178877
739.425725998274	101.145200029212
750.1809208443404	101.13736071962335
761.0925536017613	101.13469009750597
772.1628997123541	101.1359947802414
783.3942677149998	101.13788935113722
794.7889997270506	101.14066324417087
806.34947193274	101.1354123415143
818.0780950786972	101.09814704565464
829.9773149766683	101.02892507112844
842.0496130135506	100.96550962910422
854.2975066688449	100.95099802425736
866.7235500396347	100.97003337480635
879.3303343732008	101.01040848482933
892.1204886073838	101.06571787776413
905.0966799188055	101.14025699227824
918.2616142790653	101.23203724317825
931.6180370190256	101.30945769329965
945.1687334013056	101.38239122502489
958.9165292011028	101.45169606017002
972.8642912954606	101.52151959236632
987.0149282611097	101.59973806443864
1001.3713909810035	101.6832174027967
1015.9366732596762	101.76434009880936
1030.7138124475518	101.85115590982063
1045.7058900743334	101.94613821566159
1060.916032491606	102.04549573883929
1076.3474115247852	102.15272181189286
1092.0032451345498	102.25787750202811
1107.8867980878947	102.36779277047765
1124.0013826389438	102.48254425906786
1140.350359219667	102.59945310465342
1156.9371371406426	102.71457923339386
1173.765175302013	102.8305680773561
1190.837982914782	102.94916066902341
1208.1591202326028	103.0682568275235
1225.73219929421	103.18391340543022
1243.5608846766518	103.30118381028939
1261.648894259477	103.41501053816827
1280.0000000000375	103.52927400000023
1298.6180287200684	103.63995073352932
1317.5068629037087	103.74607191859201
1336.6704415071292	103.860515780355
1356.112760779938	103.97020904036928
1375.8378750985323	104.07832341759593
1395.8498978115715	104.18324624551066
1416.153002097749	104.28827232794683
1436.7514218360407	104.39321559730602
1457.6494524886093	104.4955817805274
1478.8514519965543	104.59685908178898
1500.3618416886875	104.69465783886474
1522.1851072035295	104.7954891819189
1544.3257994247153	104.8908391392208
1566.788535430007	104.98478713862285
1589.5779994541087	105.07490651278326
1612.6989438654878	105.16342613929822
1636.156190157402	105.25023654004251
1659.9546299533442	105.3328732927092
1684.099226027109	105.4120587884506
1708.5950133376978	105.48910118528698
1733.4471000792773	105.5632797369082
1758.6606687464096	105.63416727340801
1784.2409772147755	105.70439115248354
1810.193359837619	105.77072575796589
1836.5232285581387	105.83221264319678
1863.2360740380593	105.8934063628662
1890.3374668026197	105.95356059773594
1917.833058402214	106.01104619801879
1945.7285825909298	106.06490950340222
1974.0298565222283	106.11792871527935
2002.7427819620161	106.17178783872775
2031.8733465193618	106.21653104959525
2061.4276248951132	106.26134210699827
2091.411780148677	106.3045787620227
2121.832064983222	106.3454413941662
2152.694823049581	106.3832930946089
2184.0064902691106	106.42019998253063
2215.7735961758003	106.45156081682994
2248.002765277899	106.48305438581137
2280.7007184393456	106.51233224466594
2313.874274281297	106.53880674922132
2347.530350604038	106.56511237378514
2381.6759658295764	106.58825822177494
2416.318240465218	106.60915695428504
2451.4643985884327	106.62956105325881
2487.1217693533167	106.64868656365296
2523.2977885189675	106.66893732773133
2560.0000000000887	106.68972400000006
2597.236057440151	106.71105875898105
2635.0137258074315	106.73540308198616
2673.340883014273	106.76451845018293
2712.225521559891	106.7978860881035
2751.6757501970797	106.83498900321845
2791.699795623158	106.87363449932089
2832.3060041955137	106.91350829085307
2873.502843672097	106.95477323376787
2915.2989049772345	106.99780759908656
2957.7029039931244	107.04341445805873
3000.723683377391	107.09342235094522
3044.370214407075	107.14788749274227
3088.6515988494466	107.21167327126884
3133.57707086003	107.28363367775364
3179.1559989082334	107.36173080633537
3225.3978877309914	107.4420414890142
3272.3123803148205	107.52226994300014
3319.9092599067053	107.59777206604677
3368.198452054235	107.6654306398946
3417.190026675413	107.72813913336081
3466.8942001585724	107.7840478554421
3517.3213374928373	107.82983918634996
3568.4819544295697	107.86237911771629
3620.386719675257	107.88187867656134
3673.0464571162966	107.88692727036506
3726.472148076138	107.87156002568449
3780.6749336052594	107.83465613467834
3835.6661168044484	107.78124780226835
3891.45716518188	107.70177542523236
3948.059713044477	107.61000288425534
4005.4855639240527	107.49925379467263
4063.746693038744	107.3907228182739
4122.855249790247	107.28231381813085
4182.823560297375	107.17316173256938
4243.664129966465	107.0568858432708
4305.389646099183	106.92426851646431
4368.012980538242	106.77396164617552
4431.5471923516225	106.59346526395868
4496.00553055582	106.3960567553113
4561.401436878714	106.17496048927849
4627.748548562617	105.93760625612195
4695.060701208099	105.67553807107387
4763.351931659176	105.3983999614119
4832.63648093046	105.10888117957597
4902.928797176889	104.80924029619847
4974.243538706657	104.50072946015321
5046.595577037959	104.19112016014577
5120.000000000202	103.88092042857058
5194.472114880326	103.57334745084964
5270.027451614888	103.27207636122606
5346.6817660285715	102.96547685267285
5424.451043119808	102.61323135163367
5503.351500394186	102.29057678329765
5583.399591246343	102.04594555228057
5664.612008391055	101.81909098112122
5747.005687344222	101.60206424936005
5830.597809954497	101.40319531182189
5915.405807986278	101.2308022966424
6001.447366754812	101.08826855441879
6088.740428814181	100.9968053926733
6177.303197698925	100.93047849830391
6267.154141720092	100.90179246266874
6358.3119978165005	100.90798389166484
6450.795775462017	100.9503779024079
6544.624760629676	101.03507122272867
6639.818519813445	101.1612771937232
6736.396904108505	101.33720468782177
6834.380053350861	101.57224732011484
6933.788400317181	101.87784695413934
7034.642674985712	102.26072046543095
7136.963908859177	102.73438970865526
7240.773439350552	103.3138634940827
7346.092914232631	104.00657486745654
7452.944296152315	104.80585767915086
7561.349867210557	105.70066582009733
7671.332233608935	106.62712097283952
7782.914330363799	107.48016051059706
7896.119426088994	108.09778789936544
8010.971127848146	108.20344297649456
8127.49338607753	107.68394803707878
8245.710499580537	106.67512411175264
8365.647120594791	105.44140405831567
8487.328259932974	104.16355614186539
8610.77929219841	102.9139087651597
8736.025961076528	101.72150857266139
8863.094384703289	100.61105819047364
8992.011061111683	99.59317594522292
9122.802873757471	98.68853410560142
9255.497097125279	97.88385305830984
9390.121402416245	97.18028312283394
9526.7038633184	96.56878233570528
9665.272961860968	96.07029221311821
9805.857594353829	95.6576973241643
9948.487077413367	95.31505050270982
10093.19115407597	95.06103285247607
10240.000000000457	94.89474199999958
10388.944229760706	94.82023026945265
10540.05490322983	94.83871680763184
10693.363532057198	94.97119855915521
10848.902086239672	95.25532614197179
11006.703000788428	95.69416235003595
11166.799182492743	96.25734933731076
11329.224016782166	96.92521938345662
11494.0113746885	97.65463335738457
11661.195619909053	98.4165396295996
11830.811615972614	99.17133782688467
12002.894733509682	99.83416559343952
12177.48085762842	100.30984610024673
12354.606395397908	100.35515639139416
12534.308283440243	100.07199763745128
12716.62399563306	99.43839233503122
12901.591550924093	98.67843939275997
13089.249521259411	97.89506548492021
13279.637039626952	97.1992595984666
13472.793808217073	96.67690375855015
13668.760106701786	96.38788137044614
13867.576800634426	96.38491816978173
14069.285349971487	96.7612621534055
14273.927817718419	97.45748652505073
14481.54687870117	95.45753110085634
14692.18582846533	95.95183471682866
14905.888592304698	97.85952494073197
15122.699734421185	100.35064236430479
15342.664467217943	102.98794135433282
15565.828660727671	105.20751479910653
15792.238852178061	105.88856565215826
16021.942255696367	104.56180999701608
16254.986772155136	102.72842478190944
16491.42099916115	101.29168018597746
16731.294241189662	100.42053139123955
16974.65651986603	100.13248971931019
17221.558584396902	100.3508926442082
17472.051922153143	100.57748007591812
17726.188769406665	99.51596905265447
17984.022122223458	96.59117621407752
18245.605747515034	93.03908510409958
18510.99419425065	89.83213027440955
18780.242804832582	87.10675433093981
19053.40772663689	84.92135924231142
19330.545923722028	83.20119716441916
19611.71518870775	81.68602707163078
19896.974154826825	81.006027
20186.382308152035	81.006027