20	94.997269
20.290906698750476	94.997269
20.586044732869844	95.05001565731901
20.885475648548283	95.0923529030863
21.189261887185914	95.12400692474729
21.49746679841394	95.14374345312501
21.810154653305165	95.1569859490357
22.12739065777668	95.16418187069796
22.449240966187475	95.17121620384876
22.77577269513385	95.1828132640854
23.107053937445478	95.20070171596028
23.44315377638505	95.2242571669751
23.784142300054445	95.25106312021288
24.130090616010463	95.27844832083831
24.481070866093134	95.30414167460974
24.837156241469714	95.32763968892856
25.1984209978975	95.34764348534962
25.56494047120865	95.36528793291524
25.936791093020236	95.38172889498935
26.3140504066728	95.39898228262301
26.69679708340074	95.41915586533396
27.08511093873791	95.44132103899167
27.47907294916184	95.46337904194404
27.878765268980047	95.4835294803689
28.284271247461966	95.50305313676063
28.695675446220072	95.52502103287334
29.11306365684382	95.55047352893997
29.536522918790062	95.5774903610072
29.966141537533712	95.59749168542142
30.402009102982383	95.60575863836267
30.844216508158908	95.60548218648286
31.29285596815558	95.60772093038509
31.74802103936409	95.61938302129592
32.20980663898519	95.63807650235762
32.67830906482211	95.65885242536362
33.153626015361866	95.67729199444108
33.63585661014871	95.69315392301564
34.125101410453844	95.70715191072931
34.62146244024586	95.71763402350263
35.12504320746613	95.72336078810739
35.635948725613716	95.72742903260122
36.15428553564419	95.73489113907888
36.68016172818701	95.74693692956984
37.21368696608603	95.76116439719978
37.754972507267915	95.77648139330078
38.30413122794313	95.79243309088825
38.86127764614443	95.80504690339427
39.4265279456077	95.81146744825898
40.000000000000206	95.813309
40.58181339750116	95.8220090786709
41.1720894657399	95.83950658790549
41.77095129709678	95.85414120515854
42.37852377437204	95.85782570418286
42.9949335968281	95.85763370705894
43.62030930661056	95.8586445694852
44.25478131555359	95.86313108909857
44.89848193237519	95.87154081608806
45.55154539026795	95.88339735001865
46.21410787489121	95.8964449510666
46.88630755277036	95.91113838868529
47.56828460010916	95.92364086021557
48.260181232021196	95.92450105180693
48.962141732186545	95.9220913726672
49.674312482939705	95.93055449266745
50.39684199579528	95.94296808784254
51.129880942417586	95.9466934868597
51.873582186040764	95.94657405710481
52.628100813345895	95.9557760568056
53.393594166801776	95.96521015710857
54.17022187747612	95.96734827537918
54.95814589832399	95.97272084344718
55.75753053796041	95.97377895289858
56.56854249492426	95.97012437553978
57.39135089244048	95.97984149316241
58.226127313687975	95.96765396915238
59.073045837580466	95.86263116676524
59.932283075067765	95.85812790440356
60.804018205965114	95.97888578512267
61.68843301631817	95.9645202896872
62.58571193631152	95.97143302826734
63.49604207872855	96.00551122106981
64.41961327797075	95.96810090822261
65.35661812964459	95.92132311721764
66.3072520307241	95.95511790095821
67.27171322029778	96.00240696812361
68.25020282090806	96.00992542203859
69.2429248804921	96.00853882286069
70.25008641493265	96.0062156348121
71.27189745122783	96.0044181924048
72.30857107128878	96.01074400936965
73.36032345637442	96.01267844673282
74.42737393217246	96.02906888513085
75.50994501453623	96.0160497524039
76.60826245588666	96.00619285229772
77.72255529228926	96.02032919258811
78.85305589121582	95.99987031954994
80.00000000000082	96.01702099999999
81.16362679500274	95.99017315365268
82.34417893148023	96.00303950763114
83.541902594194	96.00188529091123
84.75704754874454	95.99414577209336
85.98986719365665	95.98689537095134
87.24061861322157	95.99491206192434
88.50956263110764	95.98233093192408
89.79696386475084	95.98649524578117
91.10309078053635	95.98457076112044
92.42821574978288	95.97972401859501
93.77261510554118	95.97598857917127
95.13656920021877	95.97236660885477
96.52036246404286	95.97382776135152
97.92428346437356	95.97175145405187
99.34862496587989	95.96941161769058
100.79368399159105	95.96491121175846
102.25976188483567	95.95994499925173
103.74716437208203	95.94682445253598
105.25620162669229	95.94236593905927
106.78718833360406	95.94426145519942
108.34044375495276	95.93692829962343
109.9162917966485	95.93258252363981
111.51506107592134	95.92343815930283
113.13708498984903	95.91696834087224
114.78270178488147	95.91390384725631
116.45225462737648	95.91121707071815
118.14609167516147	95.94153173813206
119.86456615013608	95.89929953447152
121.60803641193078	95.84981484792988
123.3768660326369	95.8574593610063
125.17142387262359	95.84421538780146
126.99208415745765	95.85086250932633
128.83922655594208	95.8370719766301
130.71323625928977	95.82859984647693
132.61450406144883	95.81609061216886
134.5434264405962	95.81786237243801
136.50040564181674	95.81691688539948
138.48584976098482	95.77658649440018
140.50017282986593	95.76240692649397
142.5437949024563	95.7536547743644
144.61714214257822	95.73755585767887
146.7206469127495	95.72679238832357
148.8547478643456	95.70547058521792
151.01989002907314	95.68822441418526
153.216524911774	95.67843131248762
155.4451105845792	95.65741715789518
157.70611178243232	95.6379553242104
160.00000000000236	95.63108099999998
162.3272535900062	95.61370107018983
164.6883578629612	95.60716244250148
167.08380518838874	95.59538166828851
169.51409509748981	95.5649838911873
171.97973438731407	95.5280520264126
174.4812372264439	95.50406299611397
177.01912526221608	95.48989102065602
179.5939277295025	95.37413097587634
182.20618156107355	95.43261203120385
184.85643149956664	95.43200304764049
187.54523021108326	95.41240920789286
190.27313840043846	95.37580262871728
193.04072492808663	95.33424570789552
195.84856692874806	95.3285826771254
198.69724993176072	95.28030669970595
201.58736798318304	95.25902030583987
204.5195237696723	95.22474910049377
207.49432874416505	95.19342426808986
210.5124032533856	95.163589596759
213.57437666720915	95.11983786018227
216.68088750990657	95.08105840282145
219.83258359329807	95.03818038652629
223.03012215184378	94.99499864023365
226.2741699796992	94.9500428309751
229.5654035697641	94.8998305594462
232.90450925475412	94.81733915725633
236.2921833503241	94.75263653292448
239.72913230027333	94.56036501629197
243.21607282386276	94.56105624114183
246.75373206527502	94.41974886481768
250.34284774524843	94.27173845815118
253.9841683149166	94.06100522315292
257.67845311188546	93.79811508705119
261.42647251858085	93.47912494348813
265.22900812289896	93.23844302976386
269.08685288119375	93.1176826283834
273.0008112836349	93.29173944172533
276.97169952197106	93.58891055039498
281.00034565973334	93.82685515772214
285.0875898049141	94.0229760746182
289.23428428515797	94.12788993298506
293.44129382550057	94.20150054372495
297.7094957286928	94.25635916224678
302.0397800581479	94.28148459201624
306.4330498235497	94.26862136708259
310.89022116916016	94.2493852906472
315.41222356486645	94.2225051730575
320.00000000000654	94.21776599999994
324.6545071800142	94.17290865250332
329.3767157259242	94.13114443318122
334.16761037677935	94.10535973406773
339.02819019498156	94.07165874271709
343.95946877463007	94.0252599536121
348.9624744528898	93.98476937955657
354.03825052443415	93.93197234596954
359.187855459007	93.87389022762588
364.4123631221491	93.82961641834316
369.71286299913527	93.78513256110111
375.0904604221685	93.7382603577178
380.54627680087896	93.67121538904452
386.08144985617537	93.61387276812117
391.6971338574982	93.58047130983078
397.3944998635236	93.53675745170894
403.1747359663683	93.47829902431944
409.0390475393468	93.43901681478262
414.9886574883323	93.3859646607864
421.0248065067734	93.31984964107744
427.1487533344206	93.26643007936426
433.3617750198154	93.20957226378839
439.6651671865984	93.15250445543661
446.06024430368984	93.0883948056278
452.54833995940066	93.02550770092452
459.13080713953053	92.97840273751656
465.8090185095106	92.92078115352928
472.58436670065066	92.86827049519304
479.45826460054917	92.8074114591932
486.432145647728	92.74526944040343
493.50746413055253	92.69706282830232
500.6856954904994	92.63635100824663
507.9683366298358	92.566731689945
515.3569062237735	92.51167138307471
522.8529450371643	92.45323819019492
530.4580162458005	92.39406476859526
538.1737057623901	92.34465346899265
546.0016225672724	92.27946289162084
553.9433990439449	92.23222571860269
562.0006913194694	92.16936739381262
570.1751796098309	92.10544847198892
578.4685685703187	92.04089604967606
586.8825876510039	91.97886043801921
595.4189914573883	91.92737802687408
604.0795601162986	91.87066449157687
612.8660996471021	91.80198596713821
621.780442338323	91.75325752989274
630.8244471297356	91.6803067699984
640.0000000000159	91.6377789999999
649.3090143600314	91.57621755713568
658.7534314518515	91.48391410724437
668.3352207535618	91.46076175322243
678.0563803899662	91.41824475382903
687.9189375492632	91.3675988956643
697.9249489057827	91.31985237603335
708.0765010488715	91.26456749802838
718.3757109180171	91.20210105717864
728.8247262443015	91.16304817851214
739.425725998274	91.12838709573623
750.1809208443404	91.09994436366682
761.0925536017613	91.04743485892993
772.1628997123541	91.02162584512998
783.3942677149998	90.98964876430276
794.7889997270506	90.95840305418288
806.34947193274	90.93157177222612
818.0780950786972	90.91216545938114
829.9773149766683	90.89781455026036
842.0496130135506	90.88457921760656
854.2975066688449	90.87615794915891
866.7235500396347	90.87430905221686
879.3303343732008	90.87699178119847
892.1204886073838	90.86366237406872
905.0966799188055	90.87567510809302
918.2616142790653	90.91950906443526
931.6180370190256	90.95558220990607
945.1687334013056	90.99942113550445
958.9165292011028	91.04472766871156
972.8642912954606	91.10552480398596
987.0149282611097	91.16075885135209
1001.3713909810035	91.25021419379073
1015.9366732596762	91.31862413522693
1030.7138124475518	91.4136844279215
1045.7058900743334	91.49641888869303
1060.916032491606	91.60320158655182
1076.3474115247852	91.71448057800082
1092.0032451345498	91.83509352950523
1107.8867980878947	91.9620217683228
1124.0013826389438	92.08179014664242
1140.350359219667	92.21466120809134
1156.9371371406426	92.34867636802379
1173.765175302013	92.48475917812215
1190.837982914782	92.62069286118407
1208.1591202326028	92.76043576655383
1225.73219929421	92.89461140375786
1243.5608846766518	93.03287578368634
1261.648894259477	93.16618307239223
1280.0000000000375	93.29188500000025
1298.6180287200684	93.42052866318785
1317.5068629037087	93.5617452176554
1336.6704415071292	93.69183397971133
1356.112760779938	93.80865184210833
1375.8378750985323	93.94381309029619
1395.8498978115715	94.052433241798
1416.153002097749	94.16906091261926
1436.7514218360407	94.29161899973586
1457.6494524886093	94.41301154405858
1478.8514519965543	94.52984376029198
1500.3618416886875	94.64799394361202
1522.1851072035295	94.77585121867975
1544.3257994247153	94.89801337912644
1566.788535430007	95.0223778846595
1589.5779994541087	95.15788454055533
1612.6989438654878	95.29469290848698
1636.156190157402	95.43126401700145
1659.9546299533442	95.57569017513335
1684.099226027109	95.72695071242887
1708.5950133376978	95.88134554548037
1733.4471000792773	96.04134948176078
1758.6606687464096	96.21095721370972
1784.2409772147755	96.39008728207435
1810.193359837619	96.57217360827865
1836.5232285581387	96.75165484826309
1863.2360740380593	96.94289014368445
1890.3374668026197	97.13601318478523
1917.833058402214	97.33561840260177
1945.7285825909298	97.54265074478812
1974.0298565222283	97.74824699103101
2002.7427819620161	97.95625227288674
2031.8733465193618	98.16890186329775
2061.4276248951132	98.37839148054259
2091.411780148677	98.5979742606557
2121.832064983222	98.81019704265512
2152.694823049581	99.02382390171232
2184.0064902691106	99.23641253572627
2215.7735961758003	99.44466116942287
2248.002765277899	99.6522685013986
2280.7007184393456	99.85425421858456
2313.874274281297	100.04998863299376
2347.530350604038	100.2435068946143
2381.6759658295764	100.43318779000924
2416.318240465218	100.62196358302823
2451.4643985884327	100.80510755705271
2487.1217693533167	100.9808618791792
2523.2977885189675	101.14614310233539
2560.0000000000887	101.30179600000037
2597.236057440151	101.45121582779981
2635.0137258074315	101.59411475124593
2673.340883014273	101.72361943178696
2712.225521559891	101.84588667751703
2751.6757501970797	101.9578418403248
2791.699795623158	102.05952574913667
2832.3060041955137	102.14785122740261
2873.502843672097	102.22482548161665
2915.2989049772345	102.29083274921193
2957.7029039931244	102.34896219120184
3000.723683377391	102.4065658360695
3044.370214407075	102.46361847398035
3088.6515988494466	102.50916740557341
3133.57707086003	102.53898669200002
3179.1559989082334	102.55141111352957
3225.3978877309914	102.54921002590461
3272.3123803148205	102.53586638271706
3319.9092599067053	102.51310247556286
3368.198452054235	102.48070311014781
3417.190026675413	102.44192890886295
3466.8942001585724	102.39784390574471
3517.3213374928373	102.34828957661868
3568.4819544295697	102.29468506163083
3620.386719675257	102.24011148201717
3673.0464571162966	102.1855106878084
3726.472148076138	102.13104074847135
3780.6749336052594	102.08060290906622
3835.6661168044484	102.03091585680217
3891.45716518188	101.97619724636212
3948.059713044477	101.9180763351531
4005.4855639240527	101.86071201442508
4063.746693038744	101.79529443919242
4122.855249790247	101.72830210433317
4182.823560297375	101.66150281457256
4243.664129966465	101.59088777281063
4305.389646099183	101.52806219259243
4368.012980538242	101.47461837492999
4431.5471923516225	101.43713168877059
4496.00553055582	101.41217328774161
4561.401436878714	101.3824052006633
4627.748548562617	101.34966555485344
4695.060701208099	101.31326881731886
4763.351931659176	101.29023648645527
4832.63648093046	101.29698414153766
4902.928797176889	101.33459083114924
4974.243538706657	101.3818779358414
5046.595577037959	101.43128172075683
5120.000000000202	101.47875300000013
5194.472114880326	101.5228654415549
5270.027451614888	101.5620827070296
5346.6817660285715	101.59660295243293
5424.451043119808	101.62625677607545
5503.351500394186	101.65058061047061
5583.399591246343	101.6688319407267
5664.612008391055	101.67742804265869
5747.005687344222	101.67708623253097
5830.597809954497	101.66468400794541
5915.405807986278	101.63475786352967
6001.447366754812	101.57979646695311
6088.740428814181	101.50007611794632
6177.303197698925	101.40720795161586
6267.154141720092	101.31870943412207
6358.3119978165005	101.230062180605
6450.795775462017	101.13430138996053
6544.624760629676	101.02929538524427
6639.818519813445	100.91620590118016
6736.396904108505	100.7987185698262
6834.380053350861	100.69057974244205
6933.788400317181	100.60613520187104
7034.642674985712	100.55066651230139
7136.963908859177	100.5351010522229
7240.773439350552	100.57331754980287
7346.092914232631	100.66017840793995
7452.944296152315	100.77869219360274
7561.349867210557	100.89381086295725
7671.332233608935	100.96918084184746
7782.914330363799	100.96799789208342
7896.119426088994	100.84259488318004
8010.971127848146	100.54216009270084
8127.49338607753	100.06849541257088
8245.710499580537	99.43415693131233
8365.647120594791	98.6690092977191
8487.328259932974	97.838684128942
8610.77929219841	96.95846627875927
8736.025961076528	96.00862377896259
8863.094384703289	95.04123901364993
8992.011061111683	94.0788425059254
9122.802873757471	93.1218771904716
9255.497097125279	92.22342231061205
9390.121402416245	91.3729935663589
9526.7038633184	90.56395200491717
9665.272961860968	89.81022482261643
9805.857594353829	89.10516847940531
9948.487077413367	88.44863415818692
10093.19115407597	87.85200164817074
10240.000000000457	87.28729399999828
10388.944229760706	86.76973203381569
10540.05490322983	86.3086788837269
10693.363532057198	85.86904240857449
10848.902086239672	85.48282775250469
11006.703000788428	85.15556036092048
11166.799182492743	84.8582031432044
11329.224016782166	84.58600251045661
11494.0113746885	84.2006698337112
11661.195619909053	84.04850478568281
11830.811615972614	83.93703666224019
12002.894733509682	83.88706571048186
12177.48085762842	83.85857547593037
12354.606395397908	83.93107611345397
12534.308283440243	84.02056487595448
12716.62399563306	84.20490479575066
12901.591550924093	84.50725901358871
13089.249521259411	84.90461350629553
13279.637039626952	85.40680965976534
13472.793808217073	86.09601618846266
13668.760106701786	86.99547693613299
13867.576800634426	88.17285825395226
14069.285349971487	89.79929341418928
14273.927817718419	91.81886354275773
14481.54687870117	94.74665050561471
14692.18582846533	97.9633160651617
14905.888592304698	97.13606456929853
15122.699734421185	93.82696681970376
15342.664467217943	90.22307365587372
15565.828660727671	87.46771714902557
15792.238852178061	85.36914363789211
16021.942255696367	83.78642110408308
16254.986772155136	82.56586702609184
16491.42099916115	81.69315046473633
16731.294241189662	81.05336240553325
16974.65651986603	80.67605397746624
17221.558584396902	80.59410148791262
17472.051922153143	80.69049553655191
17726.188769406665	81.013755562522
17984.022122223458	81.59923531276229
18245.605747515034	82.46540323909925
18510.99419425065	83.6546240561357
18780.242804832582	85.03770602350946
19053.40772663689	86.41534602009888
19330.545923722028	86.91282478703582
19611.71518870775	85.55096182194711
19896.974154826825	84.325874
20186.382308152035	84.325874