20	110.415497
20.290906698750476	110.415497
20.586044732869844	110.4323517118841
20.885475648548283	110.44187910410973
21.189261887185914	110.45017832666821
21.49746679841394	110.46111340705758
21.810154653305165	110.47428983500163
22.12739065777668	110.49053252741507
22.449240966187475	110.50765570102664
22.77577269513385	110.52422879223845
23.107053937445478	110.53887169008685
23.44315377638505	110.55075925176374
23.784142300054445	110.55950382158568
24.130090616010463	110.56623205861536
24.481070866093134	110.5717515463434
24.837156241469714	110.57765583611261
25.1984209978975	110.58496813696675
25.56494047120865	110.59290370310981
25.936791093020236	110.60005356658014
26.3140504066728	110.60494449738424
26.69679708340074	110.60694340726478
27.08511093873791	110.60825295108485
27.47907294916184	110.61145081920374
27.878765268980047	110.61747063915335
28.284271247461966	110.62468203974184
28.695675446220072	110.62997812482706
29.11306365684382	110.63154946155869
29.536522918790062	110.62905336461765
29.966141537533712	110.62503471205791
30.402009102982383	110.62240949962433
30.844216508158908	110.62157687283035
31.29285596815558	110.62066252164261
31.74802103936409	110.61821619310568
32.20980663898519	110.61421945791555
32.67830906482211	110.60891898589604
33.153626015361866	110.60237734635575
33.63585661014871	110.59426427021735
34.125101410453844	110.58481174917175
34.62146244024586	110.57541354190963
35.12504320746613	110.56764947252326
35.635948725613716	110.56143327406146
36.15428553564419	110.55414690049847
36.68016172818701	110.5425454150059
37.21368696608603	110.52675455329907
37.754972507267915	110.51279116276925
38.30413122794313	110.50369003350845
38.86127764614443	110.50018085093097
39.4265279456077	110.49391716322044
40.000000000000206	110.47587599999999
40.58181339750116	110.45053018454081
41.1720894657399	110.42955852792916
41.77095129709678	110.41362551980991
42.37852377437204	110.39669773504428
42.9949335968281	110.37884676633853
43.62030930661056	110.36357155777912
44.25478131555359	110.34939144238437
44.89848193237519	110.33069613132285
45.55154539026795	110.30622203362921
46.21410787489121	110.28011391757542
46.88630755277036	110.256777923779
47.56828460010916	110.23482175510422
48.260181232021196	110.2122121064129
48.962141732186545	110.18924153290929
49.674312482939705	110.16411099022906
50.39684199579528	110.13220547481423
51.129880942417586	110.10015947076597
51.873582186040764	110.07732331524343
52.628100813345895	110.05476343404042
53.393594166801776	110.02492060414956
54.17022187747612	110.00021314415868
54.95814589832399	109.98148395448693
55.75753053796041	109.94086354908478
56.56854249492426	109.89989093988805
57.39135089244048	109.86707797524778
58.226127313687975	109.84319761682842
59.073045837580466	109.83124498691195
59.932283075067765	109.8378791576226
60.804018205965114	109.7735607001746
61.68843301631817	109.69676654390534
62.58571193631152	109.66388459392924
63.49604207872855	109.63536684127436
64.41961327797075	109.60372467177218
65.35661812964459	109.56695080701655
66.3072520307241	109.52592281312701
67.27171322029778	109.49368309413326
68.25020282090806	109.45024822063074
69.2429248804921	109.40068013181536
70.25008641493265	109.35369897219839
71.27189745122783	109.31322111782261
72.30857107128878	109.28007952308926
73.36032345637442	109.23607247648995
74.42737393217246	109.18788629656842
75.50994501453623	109.14270372008455
76.60826245588666	109.09979181594618
77.72255529228926	109.0504882575081
78.85305589121582	108.99936981721862
80.00000000000082	108.95738199999997
81.16362679500274	108.91954754986335
82.34417893148023	108.86570018750805
83.541902594194	108.81461270846124
84.75704754874454	108.76235129025551
85.98986719365665	108.71356938970843
87.24061861322157	108.66437396161582
88.50956263110764	108.6142250462955
89.79696386475084	108.55943754112909
91.10309078053635	108.50423542174961
92.42821574978288	108.45628352009675
93.77261510554118	108.40500244831561
95.13656920021877	108.34652205592506
96.52036246404286	108.29268871917603
97.92428346437356	108.2374419318177
99.34862496587989	108.18476154499324
100.79368399159105	108.12916620731347
102.25976188483567	108.07250177201841
103.74716437208203	108.01511173739054
105.25620162669229	107.9569509154465
106.78718833360406	107.89856962519512
108.34044375495276	107.8427186819701
109.9162917966485	107.78416241608741
111.51506107592134	107.71860046885126
113.13708498984903	107.66110498116338
114.78270178488147	107.60035065547581
116.45225462737648	107.54217604967653
118.14609167516147	107.47096290676357
119.86456615013608	107.41209982310262
121.60803641193078	107.36259010805344
123.3768660326369	107.29811438093618
125.17142387262359	107.23408513788843
126.99208415745765	107.16996467532694
128.83922655594208	107.10729056785073
130.71323625928977	107.04534116137148
132.61450406144883	106.980045487862
134.5434264405962	106.91452837355193
136.50040564181674	106.84896131461275
138.48584976098482	106.78292317775775
140.50017282986593	106.71402614993522
142.5437949024563	106.65273519914881
144.61714214257822	106.58801195112488
146.7206469127495	106.52338632587228
148.8547478643456	106.46580221396066
151.01989002907314	106.40788122175506
153.216524911774	106.3414600110821
155.4451105845792	106.2695755245196
157.70611178243232	106.20720771962266
160.00000000000236	106.16111799999993
162.3272535900062	106.08459138565055
164.6883578629612	106.02820849900148
167.08380518838874	105.96269313309378
169.51409509748981	105.89370871257447
171.97973438731407	105.8355653768369
174.4812372264439	105.77001312005824
177.01912526221608	105.7063131294606
179.5939277295025	105.63719654832788
182.20618156107355	105.57647656636294
184.85643149956664	105.51226844585199
187.54523021108326	105.44656538933295
190.27313840043846	105.38415051917113
193.04072492808663	105.31499802625143
195.84856692874806	105.25194861443427
198.69724993176072	105.18609230943918
201.58736798318304	105.12341189830741
204.5195237696723	105.05890134488303
207.49432874416505	104.99231921844604
210.5124032533856	104.92724519907361
213.57437666720915	104.86038229713789
216.68088750990657	104.7934218997752
219.83258359329807	104.72597594423428
223.03012215184378	104.65849854159246
226.2741699796992	104.59200921904429
229.5654035697641	104.52417024451425
232.90450925475412	104.45861620480993
236.2921833503241	104.3994989816735
239.72913230027333	104.30985304221198
243.21607282386276	104.32243504560489
246.75373206527502	104.29997267825155
250.34284774524843	104.2824871243596
253.9841683149166	104.26751310384698
257.67845311188546	104.24085002516124
261.42647251858085	104.20512888559766
265.22900812289896	104.16150130691821
269.08685288119375	104.11363810497393
273.0008112836349	104.06030254629765
276.97169952197106	104.00492513676252
281.00034565973334	103.9500652806398
285.0875898049141	103.89198530803048
289.23428428515797	103.8371776177462
293.44129382550057	103.7814522859657
297.7094957286928	103.7131679421819
302.0397800581479	103.66387489368257
306.4330498235497	103.6288008424643
310.89022116916016	103.5832799892128
315.41222356486645	103.53655358614584
320.00000000000654	103.49301099999994
324.6545071800142	103.45108040661813
329.3767157259242	103.41207805570427
334.16761037677935	103.37082714985672
339.02819019498156	103.32980926171196
343.95946877463007	103.28802723169707
348.9624744528898	103.2455969340833
354.03825052443415	103.20408147895083
359.187855459007	103.16706698217814
364.4123631221491	103.12255884990834
369.71286299913527	103.08035043740759
375.0904604221685	103.03878004985428
380.54627680087896	102.99964080255575
386.08144985617537	102.95926885127516
391.6971338574982	102.92104335032799
397.3944998635236	102.88193126386732
403.1747359663683	102.84215728868438
409.0390475393468	102.80348777670733
414.9886574883323	102.76449461200268
421.0248065067734	102.72745247247155
427.1487533344206	102.69085309557951
433.3617750198154	102.65287667315214
439.6651671865984	102.61709853956242
446.06024430368984	102.57963471712841
452.54833995940066	102.54609941876753
459.13080713953053	102.50691531801573
465.8090185095106	102.46894609224584
472.58436670065066	102.43453791380742
479.45826460054917	102.40196502629328
486.432145647728	102.36916422446959
493.50746413055253	102.34589965429078
500.6856954904994	102.3326994624478
507.9683366298358	102.33064393698623
515.3569062237735	102.33502921013674
522.8529450371643	102.33588007772335
530.4580162458005	102.32903701695803
538.1737057623901	102.31221471554638
546.0016225672724	102.29060460860003
553.9433990439449	102.25185354794074
562.0006913194694	102.18885907492356
570.1751796098309	102.09141957001297
578.4685685703187	102.03889670838731
586.8825876510039	102.05429260283432
595.4189914573883	102.0830312028141
604.0795601162986	102.10161960919625
612.8660996471021	102.10918293665205
621.780442338323	102.1112618265403
630.8244471297356	102.1127431802804
640.0000000000159	102.110664
649.3090143600314	102.11213482426889
658.7534314518515	102.0996749477783
668.3352207535618	102.10695372017987
678.0563803899662	102.10183731850267
687.9189375492632	102.08550883849007
697.9249489057827	102.05911052036305
708.0765010488715	102.02480759936185
718.3757109180171	101.98837388164401
728.8247262443015	101.96440135266863
739.425725998274	101.95469079894853
750.1809208443404	101.95348841756466
761.0925536017613	101.96388720358249
772.1628997123541	101.98029498246777
783.3942677149998	101.99995547571858
794.7889997270506	102.02397839662216
806.34947193274	102.05301280301676
818.0780950786972	102.0859339078129
829.9773149766683	102.12311949545929
842.0496130135506	102.16464830807968
854.2975066688449	102.20942229192526
866.7235500396347	102.26061532167466
879.3303343732008	102.3175095578037
892.1204886073838	102.37588850197274
905.0966799188055	102.44152230461222
918.2616142790653	102.51845207667444
931.6180370190256	102.59841308537057
945.1687334013056	102.68358693362536
958.9165292011028	102.77512585347807
972.8642912954606	102.87344993247704
987.0149282611097	102.9790150171376
1001.3713909810035	103.0898270057956
1015.9366732596762	103.20751851084754
1030.7138124475518	103.3325775319708
1045.7058900743334	103.46244724820582
1060.916032491606	103.59666670460062
1076.3474115247852	103.7353234377857
1092.0032451345498	103.87693674841356
1107.8867980878947	104.02198117557984
1124.0013826389438	104.16929269281825
1140.350359219667	104.31802178725341
1156.9371371406426	104.46717920800269
1173.765175302013	104.61633541904772
1190.837982914782	104.76349212677175
1208.1591202326028	104.91055046672808
1225.73219929421	105.05617434625044
1243.5608846766518	105.19944852001096
1261.648894259477	105.33776786348342
1280.0000000000375	105.47714200000027
1298.6180287200684	105.6093081942217
1317.5068629037087	105.7439161403745
1336.6704415071292	105.87280772820998
1356.112760779938	105.99964352815549
1375.8378750985323	106.12254337293867
1395.8498978115715	106.24730486355152
1416.153002097749	106.36904291773986
1436.7514218360407	106.49016468994209
1457.6494524886093	106.6098933832106
1478.8514519965543	106.72892146170642
1500.3618416886875	106.84667273586487
1522.1851072035295	106.96679759149539
1544.3257994247153	107.0864588319312
1566.788535430007	107.20625727727506
1589.5779994541087	107.32589744107392
1612.6989438654878	107.44639498958144
1636.156190157402	107.56853802858869
1659.9546299533442	107.691445964506
1684.099226027109	107.81456899460785
1708.5950133376978	107.9385706924262
1733.4471000792773	108.06274643207169
1758.6606687464096	108.18733237137151
1784.2409772147755	108.3131557904628
1810.193359837619	108.43762009762897
1836.5232285581387	108.55968480598011
1863.2360740380593	108.68092355545632
1890.3374668026197	108.79972776400959
1917.833058402214	108.91548615700137
1945.7285825909298	109.02801143140701
1974.0298565222283	109.13702606688187
2002.7427819620161	109.2397896962119
2031.8733465193618	109.3370248079637
2061.4276248951132	109.42706682912973
2091.411780148677	109.50754014354527
2121.832064983222	109.58115641289909
2152.694823049581	109.64264302324708
2184.0064902691106	109.69777900624732
2215.7735961758003	109.73897270497199
2248.002765277899	109.77137096263337
2280.7007184393456	109.79075005183462
2313.874274281297	109.79912434234267
2347.530350604038	109.79629718227758
2381.6759658295764	109.78093295113658
2416.318240465218	109.75616208482451
2451.4643985884327	109.72043523867205
2487.1217693533167	109.67650494840093
2523.2977885189675	109.62291643599016
2560.0000000000887	109.56342299999986
2597.236057440151	109.49766318289892
2635.0137258074315	109.42644526769436
2673.340883014273	109.35199810060656
2712.225521559891	109.2754325612915
2751.6757501970797	109.19701720567635
2791.699795623158	109.11989559786488
2832.3060041955137	109.04384816074275
2873.502843672097	108.9700038542855
2915.2989049772345	108.8994573569195
2957.7029039931244	108.83270627320044
3000.723683377391	108.76987704881861
3044.370214407075	108.71184439451109
3088.6515988494466	108.66205777561952
3133.57707086003	108.61770751632383
3179.1559989082334	108.57944162013662
3225.3978877309914	108.5469461343892
3272.3123803148205	108.52137618954103
3319.9092599067053	108.50182412413545
3368.198452054235	108.48702099445546
3417.190026675413	108.47805505502183
3466.8942001585724	108.47277585992146
3517.3213374928373	108.47013165232069
3568.4819544295697	108.46901437790179
3620.386719675257	108.46736858791608
3673.0464571162966	108.45535127327477
3726.472148076138	108.39554718810611
3780.6749336052594	108.24123359506136
3835.6661168044484	108.20497340423444
3891.45716518188	108.46205859590856
3948.059713044477	108.52050355670409
4005.4855639240527	108.53278843220517
4063.746693038744	108.53100697206715
4122.855249790247	108.52336363891219
4182.823560297375	108.50868462784025
4243.664129966465	108.48406940250314
4305.389646099183	108.45210794533287
4368.012980538242	108.41627452970025
4431.5471923516225	108.37794066939873
4496.00553055582	108.3383223920715
4561.401436878714	108.29354237170521
4627.748548562617	108.23699006467687
4695.060701208099	108.16446637551202
4763.351931659176	108.07602734677782
4832.63648093046	107.96838273799425
4902.928797176889	107.83665022636708
4974.243538706657	107.68866447185223
5046.595577037959	107.5209123427971
5120.000000000202	107.33903714285663
5194.472114880326	107.146526062319
5270.027451614888	106.94248084659051
5346.6817660285715	106.72838963072982
5424.451043119808	106.50819266959617
5503.351500394186	106.28044485281016
5583.399591246343	106.04869159184987
5664.612008391055	105.81994901384695
5747.005687344222	105.59524628016473
5830.597809954497	105.37792368496733
5915.405807986278	105.17257686345785
6001.447366754812	104.98386258371124
6088.740428814181	104.82195677046897
6177.303197698925	104.67962767710443
6267.154141720092	104.56784700639457
6358.3119978165005	104.49024687538795
6450.795775462017	104.44861376459514
6544.624760629676	104.44791657347606
6639.818519813445	104.49234792851941
6736.396904108505	104.58763694341252
6834.380053350861	104.73934392735869
6933.788400317181	104.9536098987843
7034.642674985712	105.23897313561943
7136.963908859177	105.60662805397222
7240.773439350552	106.0643690392183
7346.092914232631	106.6086631880243
7452.944296152315	107.24250600687365
7561.349867210557	107.96752521112832
7671.332233608935	108.75976201512711
7782.914330363799	109.57623962794251
7896.119426088994	110.32921176253063
8010.971127848146	110.80472521261588
8127.49338607753	110.76148365027086
8245.710499580537	110.11877175992664
8365.647120594791	109.03206860938501
8487.328259932974	107.75670626448854
8610.77929219841	106.39368754271067
8736.025961076528	105.03420586819342
8863.094384703289	103.73441056005345
8992.011061111683	102.52522026423523
9122.802873757471	101.42280741802968
9255.497097125279	100.43841229796068
9390.121402416245	99.5695548151669
9526.7038633184	98.8115261265803
9665.272961860968	98.15541431161182
9805.857594353829	97.58970357580098
9948.487077413367	97.1210895521982
10093.19115407597	96.75142376466164
10240.000000000457	96.45754099999918
10388.944229760706	96.24922632001532
10540.05490322983	96.15946833719266
10693.363532057198	96.14629837816939
10848.902086239672	96.19886636770208
11006.703000788428	96.36295726546938
11166.799182492743	96.63758677995189
11329.224016782166	97.03491149624503
11494.0113746885	97.53783160139022
11661.195619909053	98.17938299456823
11830.811615972614	98.90821836032728
12002.894733509682	99.6961644523526
12177.48085762842	100.44032301250314
12354.606395397908	100.92170953326296
12534.308283440243	101.03286574337064
12716.62399563306	100.57572120250516
12901.591550924093	99.66328100795035
13089.249521259411	98.5853253714376
13279.637039626952	97.4710759321301
13472.793808217073	96.41675275735193
13668.760106701786	95.4977089123769
13867.576800634426	94.74579530978835
14069.285349971487	94.1782068106931
14273.927817718419	93.7468982528203
14481.54687870117	93.53288388675719
14692.18582846533	93.49187175358263
14905.888592304698	93.59050575279248
15122.699734421185	93.71229667903985
15342.664467217943	93.771914153309
15565.828660727671	93.69995118096689
15792.238852178061	93.40655824947758
16021.942255696367	92.86607061318493
16254.986772155136	91.99746014819291
16491.42099916115	90.79618229041004
16731.294241189662	89.85796637861768
16974.65651986603	89.69937914553638
17221.558584396902	89.79978156866333
17472.051922153143	89.6650731555423
17726.188769406665	89.18302749607355
17984.022122223458	88.67283819814294
18245.605747515034	88.30916599798479
18510.99419425065	88.22319692259707
18780.242804832582	88.44004788774204
19053.40772663689	88.44840429924595
19330.545923722028	87.4700012491115
19611.71518870775	86.65018679578279
19896.974154826825	86.639915
20186.382308152035	86.639915