20	110.678658
20.290906698750476	110.678658
20.586044732869844	110.68949623669099
20.885475648548283	110.69525205912493
21.189261887185914	110.70215364557322
21.49746679841394	110.7139141622059
21.810154653305165	110.7288896236485
22.12739065777668	110.74693902685075
22.449240966187475	110.7651026265019
22.77577269513385	110.7803474282609
23.107053937445478	110.79081567117716
23.44315377638505	110.7953024715902
23.784142300054445	110.7930324003189
24.130090616010463	110.78589178313007
24.481070866093134	110.77439803818635
24.837156241469714	110.76207375176794
25.1984209978975	110.75269131427802
25.56494047120865	110.74837714268833
25.936791093020236	110.75022655694787
26.3140504066728	110.75684669041246
26.69679708340074	110.76487533047737
27.08511093873791	110.77092106464195
27.47907294916184	110.7724308862476
27.878765268980047	110.77048459070714
28.284271247461966	110.76667310283106
28.695675446220072	110.76226643500235
29.11306365684382	110.75705169501826
29.536522918790062	110.75003793486412
29.966141537533712	110.74025036349191
30.402009102982383	110.72954036242868
30.844216508158908	110.72061993562885
31.29285596815558	110.71354137381186
31.74802103936409	110.70618176903645
32.20980663898519	110.69639883733824
32.67830906482211	110.6843067361891
33.153626015361866	110.67255842050615
33.63585661014871	110.66340692613659
34.125101410453844	110.65543579703748
34.62146244024586	110.64470209160369
35.12504320746613	110.62954379624159
35.635948725613716	110.61297216398209
36.15428553564419	110.59887826119623
36.68016172818701	110.58672345049139
37.21368696608603	110.57220438303179
37.754972507267915	110.55335257589478
38.30413122794313	110.53301926214527
38.86127764614443	110.51518901094292
39.4265279456077	110.4991683843046
40.000000000000206	110.48086499999998
40.58181339750116	110.45880450180977
41.1720894657399	110.43626979660674
41.77095129709678	110.41526730075354
42.37852377437204	110.39525510001344
42.9949335968281	110.37487126995597
43.62030930661056	110.35258877776123
44.25478131555359	110.32640508986482
44.89848193237519	110.29792317643027
45.55154539026795	110.26963481750161
46.21410787489121	110.24233728400121
46.88630755277036	110.2149384784256
47.56828460010916	110.1866663804338
48.260181232021196	110.15400601086648
48.962141732186545	110.11654598561421
49.674312482939705	110.084245711559
50.39684199579528	110.06019186158022
51.129880942417586	110.03236429173506
51.873582186040764	109.99732024556766
52.628100813345895	109.96434820470225
53.393594166801776	109.92895156089473
54.17022187747612	109.88797349987112
54.95814589832399	109.85829973494577
55.75753053796041	109.84401665160058
56.56854249492426	109.81038595772925
57.39135089244048	109.76747257483382
58.226127313687975	109.73082112152976
59.073045837580466	109.70744082572386
59.932283075067765	109.65410539268132
60.804018205965114	109.6061480261152
61.68843301631817	109.58094298235574
62.58571193631152	109.54396058651231
63.49604207872855	109.50518737189662
64.41961327797075	109.46786454477343
65.35661812964459	109.42266714992451
66.3072520307241	109.37263666974413
67.27171322029778	109.32825119376037
68.25020282090806	109.28668803125944
69.2429248804921	109.24192820723354
70.25008641493265	109.19562574647938
71.27189745122783	109.15311359080447
72.30857107128878	109.10526661785698
73.36032345637442	109.05361561555304
74.42737393217246	109.00314538890792
75.50994501453623	108.9552625782535
76.60826245588666	108.90821194807505
77.72255529228926	108.85736149168434
78.85305589121582	108.80721443446255
80.00000000000082	108.76024599999997
81.16362679500274	108.71561304331729
82.34417893148023	108.65364954902053
83.541902594194	108.59831833188422
84.75704754874454	108.54462149833539
85.98986719365665	108.48474870324424
87.24061861322157	108.42479373933186
88.50956263110764	108.37622766367167
89.79696386475084	108.316542025945
91.10309078053635	108.25788874294085
92.42821574978288	108.20286130222924
93.77261510554118	108.15250200710624
95.13656920021877	108.09647769241167
96.52036246404286	108.03707881482649
97.92428346437356	107.96611571410489
99.34862496587989	107.90627220451387
100.79368399159105	107.84554955783307
102.25976188483567	107.78663048020304
103.74716437208203	107.7254719730958
105.25620162669229	107.6638044151605
106.78718833360406	107.60202022591601
108.34044375495276	107.54025060986395
109.9162917966485	107.4786456856671
111.51506107592134	107.41810429513845
113.13708498984903	107.35314161120662
114.78270178488147	107.28877985514072
116.45225462737648	107.22491268399257
118.14609167516147	107.14866398766904
119.86456615013608	107.10025915113657
121.60803641193078	107.03476195752432
123.3768660326369	106.96408521462527
125.17142387262359	106.90091190325599
126.99208415745765	106.82991064307382
128.83922655594208	106.76296556992047
130.71323625928977	106.69383924170876
132.61450406144883	106.62552180649713
134.5434264405962	106.5597672947058
136.50040564181674	106.49261722084604
138.48584976098482	106.4222790644996
140.50017282986593	106.35668841148974
142.5437949024563	106.28863647767983
144.61714214257822	106.22082400325158
146.7206469127495	106.16430505037583
148.8547478643456	106.09253214558365
151.01989002907314	106.02000400130916
153.216524911774	105.95188267634488
155.4451105845792	105.87047686201998
157.70611178243232	105.79340855546816
160.00000000000236	105.73767899999993
162.3272535900062	105.66723861923913
164.6883578629612	105.60736757950501
167.08380518838874	105.5313638851763
169.51409509748981	105.46188472603248
171.97973438731407	105.39683871110422
174.4812372264439	105.33041708085979
177.01912526221608	105.25746935767431
179.5939277295025	105.19756948556757
182.20618156107355	105.12388038777027
184.85643149956664	105.04898243336919
187.54523021108326	104.9856874617646
190.27313840043846	104.92035652611042
193.04072492808663	104.84995331091825
195.84856692874806	104.78027545193986
198.69724993176072	104.71310462139456
201.58736798318304	104.64444182457827
204.5195237696723	104.57686982405471
207.49432874416505	104.5093710835484
210.5124032533856	104.43887645792387
213.57437666720915	104.36852387021277
216.68088750990657	104.30055537669055
219.83258359329807	104.23296681827794
223.03012215184378	104.160270127556
226.2741699796992	104.09032585034682
229.5654035697641	104.02555371110356
232.90450925475412	103.953626955543
236.2921833503241	103.88736403849745
239.72913230027333	103.79497799148557
243.21607282386276	103.75480349183098
246.75373206527502	103.70466247857283
250.34284774524843	103.65544239652384
253.9841683149166	103.61250667535674
257.67845311188546	103.56717802341095
261.42647251858085	103.52147700588857
265.22900812289896	103.46642305781116
269.08685288119375	103.41105108903933
273.0008112836349	103.36602216128011
276.97169952197106	103.30184715533728
281.00034565973334	103.24233884399732
285.0875898049141	103.1885857410598
289.23428428515797	103.13957430031999
293.44129382550057	103.08804329250049
297.7094957286928	103.04796489404806
302.0397800581479	102.99327648749815
306.4330498235497	102.93900616123535
310.89022116916016	102.88762630839896
315.41222356486645	102.84026309242273
320.00000000000654	102.78931399999995
324.6545071800142	102.74917259917812
329.3767157259242	102.70300444455972
334.16761037677935	102.65244060973673
339.02819019498156	102.60306413067535
343.95946877463007	102.55257757448423
348.9624744528898	102.5010169634418
354.03825052443415	102.45033366625736
359.187855459007	102.40806197031057
364.4123631221491	102.35204985306022
369.71286299913527	102.3012604499639
375.0904604221685	102.25209986568541
380.54627680087896	102.21077829183541
386.08144985617537	102.16977505758692
391.6971338574982	102.13994621993291
397.3944998635236	102.1123292797491
403.1747359663683	102.08676872433416
409.0390475393468	102.05622715255713
414.9886574883323	102.01863556656974
421.0248065067734	101.9787210338102
427.1487533344206	101.93691183071026
433.3617750198154	101.89445034058369
439.6651671865984	101.85048970975885
446.06024430368984	101.80426549466785
452.54833995940066	101.75961370235153
459.13080713953053	101.71516409860014
465.8090185095106	101.67457132392954
472.58436670065066	101.63198063637428
479.45826460054917	101.58872530045802
486.432145647728	101.5498253402752
493.50746413055253	101.50828807886793
500.6856954904994	101.47298521310427
507.9683366298358	101.445766341846
515.3569062237735	101.42918213987872
522.8529450371643	101.41479904325442
530.4580162458005	101.40542749793278
538.1737057623901	101.38886100617802
546.0016225672724	101.36070724516438
553.9433990439449	101.33307688159088
562.0006913194694	101.29823888118007
570.1751796098309	101.26366082048311
578.4685685703187	101.2255891891211
586.8825876510039	101.18756257825494
595.4189914573883	101.14288727369481
604.0795601162986	101.09700323499025
612.8660996471021	101.04686111907209
621.780442338323	100.99258231829685
630.8244471297356	100.93943437875987
640.0000000000159	100.88887799999998
649.3090143600314	100.87321744514212
658.7534314518515	100.89228330474208
668.3352207535618	100.99737714505677
678.0563803899662	101.11836785278834
687.9189375492632	101.21335523935872
697.9249489057827	101.2786664987485
708.0765010488715	101.30838824007101
718.3757109180171	101.31531363431857
728.8247262443015	101.32372683311829
739.425725998274	101.32089260088871
750.1809208443404	101.32053165648308
761.0925536017613	101.32268215743902
772.1628997123541	101.32436979972653
783.3942677149998	101.33092462684806
794.7889997270506	101.34173979570048
806.34947193274	101.35600015624019
818.0780950786972	101.37462766447275
829.9773149766683	101.39730556144025
842.0496130135506	101.42338327950792
854.2975066688449	101.45595277454679
866.7235500396347	101.49521153577787
879.3303343732008	101.53662690923358
892.1204886073838	101.5883287244036
905.0966799188055	101.64388456640343
918.2616142790653	101.70104718623682
931.6180370190256	101.76890021607569
945.1687334013056	101.84238927621568
958.9165292011028	101.92439849578342
972.8642912954606	102.00948837675806
987.0149282611097	102.10375492883992
1001.3713909810035	102.20453806403643
1015.9366732596762	102.31283320117414
1030.7138124475518	102.42670761163735
1045.7058900743334	102.5464455022376
1060.916032491606	102.67372702352402
1076.3474115247852	102.7997243131407
1092.0032451345498	102.93526716912531
1107.8867980878947	103.07347291621421
1124.0013826389438	103.21217216879809
1140.350359219667	103.35451109647353
1156.9371371406426	103.49720879874697
1173.765175302013	103.64097976314046
1190.837982914782	103.78188575389782
1208.1591202326028	103.92420352350328
1225.73219929421	104.06272732950086
1243.5608846766518	104.20268150162231
1261.648894259477	104.33674803682975
1280.0000000000375	104.47125200000026
1298.6180287200684	104.59956266644562
1317.5068629037087	104.731405357473
1336.6704415071292	104.8537599400606
1356.112760779938	104.97523804271538
1375.8378750985323	105.0885333904098
1395.8498978115715	105.21280376955022
1416.153002097749	105.32983618803476
1436.7514218360407	105.44543974916631
1457.6494524886093	105.56115043855542
1478.8514519965543	105.67500563050226
1500.3618416886875	105.78785536486794
1522.1851072035295	105.90506288636443
1544.3257994247153	106.02003663259553
1566.788535430007	106.1365096597485
1589.5779994541087	106.25472842588943
1612.6989438654878	106.37351583519258
1636.156190157402	106.49380886616431
1659.9546299533442	106.61632762262383
1684.099226027109	106.74080722178672
1708.5950133376978	106.86737595777805
1733.4471000792773	106.9945872343309
1758.6606687464096	107.12430095037445
1784.2409772147755	107.25590927445602
1810.193359837619	107.38898343285753
1836.5232285581387	107.52382166795438
1863.2360740380593	107.65935660995923
1890.3374668026197	107.79554716760003
1917.833058402214	107.93253829021617
1945.7285825909298	108.06870085695216
1974.0298565222283	108.2039993857545
2002.7427819620161	108.33857790989704
2031.8733465193618	108.47070404732497
2061.4276248951132	108.60134726315954
2091.411780148677	108.72704683893875
2121.832064983222	108.8497283356493
2152.694823049581	108.96469762359847
2184.0064902691106	109.07520622168252
2215.7735961758003	109.17707835169936
2248.002765277899	109.27342877172306
2280.7007184393456	109.35952688893678
2313.874274281297	109.43732773321514
2347.530350604038	109.50489789621909
2381.6759658295764	109.56164976935383
2416.318240465218	109.60950110761989
2451.4643985884327	109.64529930983576
2487.1217693533167	109.67278762860938
2523.2977885189675	109.68811081404692
2560.0000000000887	109.6938895
2597.236057440151	109.69008574958252
2635.0137258074315	109.6780106843754
2673.340883014273	109.65939186484354
2712.225521559891	109.63560017551545
2751.6757501970797	109.60467572340282
2791.699795623158	109.56916264297709
2832.3060041955137	109.53091926629166
2873.502843672097	109.49249894655159
2915.2989049772345	109.45371799075977
2957.7029039931244	109.41425750785193
3000.723683377391	109.37666523920495
3044.370214407075	109.33963660221181
3088.6515988494466	109.307218344911
3133.57707086003	109.27689332524156
3179.1559989082334	109.25100668387023
3225.3978877309914	109.22828660037986
3272.3123803148205	109.20862426096869
3319.9092599067053	109.19240664715177
3368.198452054235	109.17997198389793
3417.190026675413	109.1695661218884
3466.8942001585724	109.15979235452558
3517.3213374928373	109.14968915901879
3568.4819544295697	109.13600428876505
3620.386719675257	109.11032228864248
3673.0464571162966	109.04989020037694
3726.472148076138	108.8435483274816
3780.6749336052594	108.0977160644369
3835.6661168044484	107.66878390028188
3891.45716518188	108.54600765019902
3948.059713044477	108.86706154686675
4005.4855639240527	108.93041027204194
4063.746693038744	108.93631992523422
4122.855249790247	108.91777125335332
4182.823560297375	108.88052640861243
4243.664129966465	108.83127770576729
4305.389646099183	108.77153665526775
4368.012980538242	108.70599228473006
4431.5471923516225	108.63939099146825
4496.00553055582	108.57172239263986
4561.401436878714	108.50249029208292
4627.748548562617	108.42370272216993
4695.060701208099	108.32966640728893
4763.351931659176	108.21906228721232
4832.63648093046	108.09247485604891
4902.928797176889	107.94540729841923
4974.243538706657	107.78434869755806
5046.595577037959	107.61013689866182
5120.000000000202	107.42696514285663
5194.472114880326	107.23745366355124
5270.027451614888	107.04453995489774
5346.6817660285715	106.8467623092287
5424.451043119808	106.6444890326729
5503.351500394186	106.441872430709
5583.399591246343	106.23716889853637
5664.612008391055	106.03396527524734
5747.005687344222	105.83523067522376
5830.597809954497	105.64064038842066
5915.405807986278	105.44830468013578
6001.447366754812	105.25806224710354
6088.740428814181	105.06508334008029
6177.303197698925	104.8673330027766
6267.154141720092	104.6616049563242
6358.3119978165005	104.45428312012467
6450.795775462017	104.25871670506265
6544.624760629676	104.09425100333644
6639.818519813445	103.98218609413432
6736.396904108505	103.94101640850508
6834.380053350861	103.98313066709184
6933.788400317181	104.11247529151196
7034.642674985712	104.3347076455058
7136.963908859177	104.65802593711453
7240.773439350552	105.08248678817817
7346.092914232631	105.61443402101924
7452.944296152315	106.25270743434997
7561.349867210557	107.00557101664587
7671.332233608935	107.85161379572162
7782.914330363799	108.74408825643133
7896.119426088994	109.58718006457545
8010.971127848146	110.15230269466065
8127.49338607753	110.17576738371098
8245.710499580537	109.55122546371219
8365.647120594791	108.44678215249839
8487.328259932974	107.13137997144845
8610.77929219841	105.73400605806785
8736.025961076528	104.34703852113319
8863.094384703289	103.03888717200095
8992.011061111683	101.82717268765866
9122.802873757471	100.73516903909425
9255.497097125279	99.76182269306985
9390.121402416245	98.893269787877
9526.7038633184	98.12502922411939
9665.272961860968	97.45184318927039
9805.857594353829	96.87888741934621
9948.487077413367	96.40335173963132
10093.19115407597	95.99734169222107
10240.000000000457	95.7068301999993
10388.944229760706	95.4434628090318
10540.05490322983	95.2670159275396
10693.363532057198	95.20856441670388
10848.902086239672	95.21832653092594
11006.703000788428	95.31089122074461
11166.799182492743	95.50170059432439
11329.224016782166	95.8190479647566
11494.0113746885	96.24117253883455
11661.195619909053	96.83492510581691
11830.811615972614	97.55674650296329
12002.894733509682	98.46493302593505
12177.48085762842	99.51860235012154
12354.606395397908	100.77303841511983
12534.308283440243	102.0770684621757
12716.62399563306	103.17321746705196
12901.591550924093	103.32583435773793
13089.249521259411	102.90281951416746
13279.637039626952	101.82512617087875
13472.793808217073	100.36663239718527
13668.760106701786	98.98080169430102
13867.576800634426	97.79123960573507
14069.285349971487	96.84376339631383
14273.927817718419	96.09018729094097
14481.54687870117	95.60417817970536
14692.18582846533	95.35855684151075
14905.888592304698	95.27047043681031
15122.699734421185	95.38558527910389
15342.664467217943	95.6180296339134
15565.828660727671	95.81575448697755
15792.238852178061	95.88192099635273
16021.942255696367	95.6978295003648
16254.986772155136	95.19048748783138
16491.42099916115	94.24695887548756
16731.294241189662	92.85883845848845
16974.65651986603	91.42967206275945
17221.558584396902	90.29614579428593
17472.051922153143	89.53987174120502
17726.188769406665	89.09261653860307
17984.022122223458	88.95297989395911
18245.605747515034	88.9644544505302
18510.99419425065	89.24577474652588
18780.242804832582	89.7774653638106
19053.40772663689	89.65121263778013
19330.545923722028	88.2321203251724
19611.71518870775	87.22467934650538
19896.974154826825	86.89743
20186.382308152035	86.89743