20	106.258606
20.290906698750476	106.258606
20.586044732869844	106.23675313233741
20.885475648548283	106.21331141866679
21.189261887185914	106.19543057777776
21.49746679841394	106.183409189448
21.810154653305165	106.17289960717585
22.12739065777668	106.1588402643733
22.449240966187475	106.14109990091305
22.77577269513385	106.11771880866412
23.107053937445478	106.091868706901
23.44315377638505	106.06656353404586
23.784142300054445	106.04448171433577
24.130090616010463	106.02552782511599
24.481070866093134	106.00959966039949
24.837156241469714	105.99307393870491
25.1984209978975	105.96966703440667
25.56494047120865	105.93543632427725
25.936791093020236	105.88885111379521
26.3140504066728	105.83575174143664
26.69679708340074	105.79348605228583
27.08511093873791	105.77350379988667
27.47907294916184	105.78531788148311
27.878765268980047	105.80794442038108
28.284271247461966	105.81017148839558
28.695675446220072	105.7759199523779
29.11306365684382	105.7019540830869
29.536522918790062	105.6032402488652
29.966141537533712	105.51779683873221
30.402009102982383	105.46676652459387
30.844216508158908	105.44660570133712
31.29285596815558	105.43114810053305
31.74802103936409	105.40694156906243
32.20980663898519	105.37464297554004
32.67830906482211	105.33842027894676
33.153626015361866	105.2999173973465
33.63585661014871	105.25604282978651
34.125101410453844	105.20657245217404
34.62146244024586	105.15815561471545
35.12504320746613	105.1171922383532
35.635948725613716	105.08144624079146
36.15428553564419	105.0427617407066
36.68016172818701	104.9964784173829
37.21368696608603	104.94428719180144
37.754972507267915	104.88965248840577
38.30413122794313	104.83451292230974
38.86127764614443	104.78199713560633
39.4265279456077	104.73300683091398
40.000000000000206	104.68777499999999
40.58181339750116	104.64084771431126
41.1720894657399	104.58704156698239
41.77095129709678	104.52730808872988
42.37852377437204	104.46648379403759
42.9949335968281	104.40835588897089
43.62030930661056	104.35406477793332
44.25478131555359	104.30129557481985
44.89848193237519	104.24755422941305
45.55154539026795	104.19320324152308
46.21410787489121	104.1377094104544
46.88630755277036	104.07411576764767
47.56828460010916	104.0031781903539
48.260181232021196	103.93640013299802
48.962141732186545	103.87861972967102
49.674312482939705	103.8199071776497
50.39684199579528	103.764141240844
51.129880942417586	103.71255844352905
51.873582186040764	103.64946261487448
52.628100813345895	103.5666529721313
53.393594166801776	103.48768744150962
54.17022187747612	103.42543907570288
54.95814589832399	103.36562488112182
55.75753053796041	103.28664812635782
56.56854249492426	103.21179332236248
57.39135089244048	103.1484211031377
58.226127313687975	103.08497233561093
59.073045837580466	103.00422048804748
59.932283075067765	102.96914900172496
60.804018205965114	102.90190471738009
61.68843301631817	102.78092156475968
62.58571193631152	102.70528160899165
63.49604207872855	102.64288841976531
64.41961327797075	102.5710385107448
65.35661812964459	102.49778813784829
66.3072520307241	102.41877428484382
67.27171322029778	102.33540110902221
68.25020282090806	102.26256227582752
69.2429248804921	102.20089625002069
70.25008641493265	102.13896785243848
71.27189745122783	102.0711223040662
72.30857107128878	102.00012599523075
73.36032345637442	101.9307457484911
74.42737393217246	101.8599271595178
75.50994501453623	101.7804624423114
76.60826245588666	101.6968331368226
77.72255529228926	101.61786028141047
78.85305589121582	101.54294936437744
80.00000000000082	101.45725999999995
81.16362679500274	101.37515525777175
82.34417893148023	101.29102925971904
83.541902594194	101.21126718918507
84.75704754874454	101.13546302361831
85.98986719365665	101.05057878608211
87.24061861322157	100.96750500447489
88.50956263110764	100.87981066095784
89.79696386475084	100.80329611430497
91.10309078053635	100.71596308939459
92.42821574978288	100.63772333737458
93.77261510554118	100.54811046084198
95.13656920021877	100.46252052689637
96.52036246404286	100.38508736501784
97.92428346437356	100.30271833518722
99.34862496587989	100.218955265873
100.79368399159105	100.13597400651688
102.25976188483567	100.05069825765865
103.74716437208203	99.96588523963312
105.25620162669229	99.88115914520114
106.78718833360406	99.79472599614348
108.34044375495276	99.70987603902631
109.9162917966485	99.6242499046476
111.51506107592134	99.54050823678375
113.13708498984903	99.45271311633965
114.78270178488147	99.3625985735154
116.45225462737648	99.27541230852877
118.14609167516147	99.17449471383719
119.86456615013608	99.08459860109353
121.60803641193078	99.02473069524548
123.3768660326369	98.93456934942515
125.17142387262359	98.84505044374895
126.99208415745765	98.75064924204632
128.83922655594208	98.65806354630448
130.71323625928977	98.56786638841966
132.61450406144883	98.47587695920308
134.5434264405962	98.38295483180971
136.50040564181674	98.29319037473618
138.48584976098482	98.19437719370082
140.50017282986593	98.0992664348975
142.5437949024563	97.99798861222408
144.61714214257822	97.90350611747311
146.7206469127495	97.81112222392774
148.8547478643456	97.7238463697689
151.01989002907314	97.64769759913383
153.216524911774	97.5855220349256
155.4451105845792	97.53736022671637
157.70611178243232	97.50794699837117
160.00000000000236	97.499344
162.3272535900062	97.50031679200062
164.6883578629612	97.50811565394254
167.08380518838874	97.50983947451236
169.51409509748981	97.50331345798809
171.97973438731407	97.4827138445006
174.4812372264439	97.44395379271249
177.01912526221608	97.39305685138847
179.5939277295025	97.3179575383116
182.20618156107355	97.25467236415888
184.85643149956664	97.18133413096744
187.54523021108326	97.10126229300971
190.27313840043846	97.00559299361738
193.04072492808663	96.93843891570698
195.84856692874806	96.86352597094637
198.69724993176072	96.78621484603909
201.58736798318304	96.7096857326537
204.5195237696723	96.63191923467906
207.49432874416505	96.55756321792535
210.5124032533856	96.48441336141106
213.57437666720915	96.4113123177106
216.68088750990657	96.33938549852115
219.83258359329807	96.269703125146
223.03012215184378	96.20156955026873
226.2741699796992	96.13385921340333
229.5654035697641	96.07155577113306
232.90450925475412	96.00816859471861
236.2921833503241	95.94182011819284
239.72913230027333	95.85945707355624
243.21607282386276	95.85155933791631
246.75373206527502	95.80054806048477
250.34284774524843	95.7490063689576
253.9841683149166	95.69461050162761
257.67845311188546	95.63822425247362
261.42647251858085	95.58041811725815
265.22900812289896	95.52000872181293
269.08685288119375	95.46321298538196
273.0008112836349	95.40279292355928
276.97169952197106	95.34318634285584
281.00034565973334	95.28544696553384
285.0875898049141	95.22831656696141
289.23428428515797	95.17195884228042
293.44129382550057	95.1161207271745
297.7094957286928	95.07305635304843
302.0397800581479	95.01372105819543
306.4330498235497	94.94258816193158
310.89022116916016	94.88972970382163
315.41222356486645	94.8274753839335
320.00000000000654	94.76650199999992
324.6545071800142	94.70951407589078
329.3767157259242	94.66156060989802
334.16761037677935	94.61837396413456
339.02819019498156	94.59850863858574
343.95946877463007	94.60462595120678
348.9624744528898	94.63243714116126
354.03825052443415	94.64982547754406
359.187855459007	94.63952528374085
364.4123631221491	94.61780292151367
369.71286299913527	94.57563981221827
375.0904604221685	94.53595266339913
380.54627680087896	94.49377452637766
386.08144985617537	94.44872526939143
391.6971338574982	94.40656094763558
397.3944998635236	94.36655939099504
403.1747359663683	94.32854466963236
409.0390475393468	94.29033636464061
414.9886574883323	94.25370560322851
421.0248065067734	94.21658516127226
427.1487533344206	94.18148234516849
433.3617750198154	94.1509611292668
439.6651671865984	94.1182548430485
446.06024430368984	94.08937529828276
452.54833995940066	94.06012054351673
459.13080713953053	94.03193781297085
465.8090185095106	94.00227781017489
472.58436670065066	93.9770251914317
479.45826460054917	93.94984773765711
486.432145647728	93.92632655139562
493.50746413055253	93.90196067938453
500.6856954904994	93.87992756994069
507.9683366298358	93.85836275919698
515.3569062237735	93.83618249030434
522.8529450371643	93.82005257017568
530.4580162458005	93.79945669299991
538.1737057623901	93.78622975417498
546.0016225672724	93.7659192548117
553.9433990439449	93.74934559197699
562.0006913194694	93.73588465545149
570.1751796098309	93.72232692047753
578.4685685703187	93.70745770341027
586.8825876510039	93.69725540453891
595.4189914573883	93.68349683806508
604.0795601162986	93.67535486165306
612.8660996471021	93.67186952472551
621.780442338323	93.66189388063613
630.8244471297356	93.6576743715131
640.0000000000159	93.652214
649.3090143600314	93.6497424566874
658.7534314518515	93.65347265920212
668.3352207535618	93.65041751532542
678.0563803899662	93.65161422417086
687.9189375492632	93.65622098001953
697.9249489057827	93.65980715140022
708.0765010488715	93.66685112762987
718.3757109180171	93.67804108311267
728.8247262443015	93.68984734691534
739.425725998274	93.7026401659673
750.1809208443404	93.71573364954378
761.0925536017613	93.73676127517007
772.1628997123541	93.75646315322264
783.3942677149998	93.77796327893095
794.7889997270506	93.80506081877427
806.34947193274	93.8359357595157
818.0780950786972	93.8689244818764
829.9773149766683	93.90602252878635
842.0496130135506	93.946365254201
854.2975066688449	93.98855785121037
866.7235500396347	94.03723826406657
879.3303343732008	94.09126240775389
892.1204886073838	94.15329830685157
905.0966799188055	94.21666428097338
918.2616142790653	94.2787032670062
931.6180370190256	94.34845370493927
945.1687334013056	94.42587859833344
958.9165292011028	94.51021144992406
972.8642912954606	94.595803205539
987.0149282611097	94.68719610493818
1001.3713909810035	94.78808996698163
1015.9366732596762	94.88755552691296
1030.7138124475518	94.99345526439208
1045.7058900743334	95.10629064027047
1060.916032491606	95.22328648835553
1076.3474115247852	95.34204124784578
1092.0032451345498	95.46234231883662
1107.8867980878947	95.58869056067192
1124.0013826389438	95.71342993924658
1140.350359219667	95.84319388330245
1156.9371371406426	95.97035968610415
1173.765175302013	96.1002726043059
1190.837982914782	96.22909406392729
1208.1591202326028	96.36052125388497
1225.73219929421	96.49306012346997
1243.5608846766518	96.62259470516068
1261.648894259477	96.75251629248977
1280.0000000000375	96.88072200000026
1298.6180287200684	97.00811559554523
1317.5068629037087	97.13779313915178
1336.6704415071292	97.26817739749666
1356.112760779938	97.3976446410694
1375.8378750985323	97.52574296230522
1395.8498978115715	97.65909017861054
1416.153002097749	97.79439207888448
1436.7514218360407	97.93091141924752
1457.6494524886093	98.0691974844706
1478.8514519965543	98.21040865584968
1500.3618416886875	98.35176945775008
1522.1851072035295	98.49720842844721
1544.3257994247153	98.64130199352509
1566.788535430007	98.78397151904588
1589.5779994541087	98.92151053958874
1612.6989438654878	99.04967741557853
1636.156190157402	99.16753554019711
1659.9546299533442	99.27877708136383
1684.099226027109	99.39445143571824
1708.5950133376978	99.5300980529092
1733.4471000792773	99.69286370421683
1758.6606687464096	99.87993768809503
1784.2409772147755	100.08353477200508
1810.193359837619	100.29895684176135
1836.5232285581387	100.52054576751132
1863.2360740380593	100.74873230091669
1890.3374668026197	100.98229993960487
1917.833058402214	101.2197223581484
1945.7285825909298	101.46034425623293
1974.0298565222283	101.70496670367885
2002.7427819620161	101.95222451456694
2031.8733465193618	102.20000601199473
2061.4276248951132	102.44963120759179
2091.411780148677	102.69483172484934
2121.832064983222	102.94047822186677
2152.694823049581	103.1828375847647
2184.0064902691106	103.42335170971806
2215.7735961758003	103.64654364291418
2248.002765277899	103.85670071569776
2280.7007184393456	104.02618089216294
2313.874274281297	104.14596187945803
2347.530350604038	104.19947484708844
2381.6759658295764	104.15870841191789
2416.318240465218	104.031078055247
2451.4643985884327	103.78132854012655
2487.1217693533167	103.4476222177164
2523.2977885189675	103.04182733248872
2560.0000000000887	102.620887999999
2597.236057440151	102.22132504029364
2635.0137258074315	101.86978636861555
2673.340883014273	101.58995169959387
2712.225521559891	101.3663634979051
2751.6757501970797	101.2183276577486
2791.699795623158	101.14259742155654
2832.3060041955137	101.21948787538928
2873.502843672097	101.47240017688432
2915.2989049772345	101.82877700675449
2957.7029039931244	102.14442290821806
3000.723683377391	102.30497348904655
3044.370214407075	102.35791212634487
3088.6515988494466	102.36950277013155
3133.57707086003	102.36781879302124
3179.1559989082334	102.36418132797915
3225.3978877309914	102.36486185347971
3272.3123803148205	102.37220202003083
3319.9092599067053	102.39006558187398
3368.198452054235	102.42152547326036
3417.190026675413	102.46694224456556
3466.8942001585724	102.52680653542795
3517.3213374928373	102.5968104761172
3568.4819544295697	102.66929604742937
3620.386719675257	102.73752458151557
3673.0464571162966	102.79407998673975
3726.472148076138	102.83264079709234
3780.6749336052594	102.85331394926881
3835.6661168044484	102.87062374841837
3891.45716518188	102.90791005630237
3948.059713044477	102.96373148900446
4005.4855639240527	103.00856582781812
4063.746693038744	102.9742477132886
4122.855249790247	102.82188587146062
4182.823560297375	102.70215017386658
4243.664129966465	102.82613803994623
4305.389646099183	103.10467566367247
4368.012980538242	103.4369175595424
4431.5471923516225	103.76819471743272
4496.00553055582	104.0727931303579
4561.401436878714	104.31706838306692
4627.748548562617	104.49164025446525
4695.060701208099	104.60716929052136
4763.351931659176	104.72917536027836
4832.63648093046	104.86999888181066
4902.928797176889	104.96709007363792
4974.243538706657	104.97603199517077
5046.595577037959	104.81872894404503
5120.000000000202	104.49421171428459
5194.472114880326	103.99692774132684
5270.027451614888	103.43698762284254
5346.6817660285715	102.92850469185524
5424.451043119808	102.4739748764904
5503.351500394186	102.01550372650406
5583.399591246343	101.62982274112119
5664.612008391055	101.48919699919362
5747.005687344222	101.48630393028786
5830.597809954497	101.52676296072269
5915.405807986278	101.52209698637353
6001.447366754812	101.45228510451317
6088.740428814181	101.31630555486679
6177.303197698925	101.15447201297198
6267.154141720092	101.00914669201507
6358.3119978165005	100.88388104237283
6450.795775462017	100.76702408878877
6544.624760629676	100.65988784925823
6639.818519813445	100.5759165882279
6736.396904108505	100.52548339280416
6834.380053350861	100.5074633293575
6933.788400317181	100.51854889529915
7034.642674985712	100.56524230564506
7136.963908859177	100.71054751139044
7240.773439350552	101.03409648456247
7346.092914232631	101.55727294049574
7452.944296152315	102.25073398969673
7561.349867210557	103.07993475947941
7671.332233608935	103.98271480218916
7782.914330363799	104.86332730699195
7896.119426088994	105.56443892614519
8010.971127848146	105.80083796746635
8127.49338607753	105.3860891307457
8245.710499580537	104.40927658103136
8365.647120594791	103.126513864079
8487.328259932974	101.74781633671282
8610.77929219841	100.34123991144965
8736.025961076528	98.91306396265682
8863.094384703289	97.47078885500258
8992.011061111683	96.0396023235201
9122.802873757471	94.71034212464397
9255.497097125279	93.55446132582388
9390.121402416245	92.51811241678811
9526.7038633184	91.5902452851405
9665.272961860968	90.64654275466478
9805.857594353829	89.70517450074182
9948.487077413367	88.69886863188964
10093.19115407597	87.67800052349608
10240.000000000457	86.74617619999728
10388.944229760706	86.08918918361765
10540.05490322983	85.57433687408299
10693.363532057198	85.00603779755268
10848.902086239672	84.56788283456568
11006.703000788428	84.49049533631046
11166.799182492743	84.72942881154144
11329.224016782166	85.29052625015575
11494.0113746885	86.0694076086463
11661.195619909053	87.06907070131989
11830.811615972614	88.19428938951161
12002.894733509682	89.48435019161691
12177.48085762842	90.82488738119773
12354.606395397908	92.19280919497169
12534.308283440243	93.48704111450675
12716.62399563306	94.55283625943997
12901.591550924093	95.22534048836114
13089.249521259411	95.69733674301727
13279.637039626952	95.86997357937834
13472.793808217073	95.80432004943341
13668.760106701786	95.72143038046796
13867.576800634426	95.78393627793758
14069.285349971487	96.07913359414418
14273.927817718419	96.58262091467444
14481.54687870117	97.48201880218441
14692.18582846533	98.78430736800723
14905.888592304698	100.24343236648414
15122.699734421185	101.29901122654472
15342.664467217943	101.29184264718036
15565.828660727671	99.98405145015975
15792.238852178061	97.90077757639948
16021.942255696367	95.69099291597334
16254.986772155136	93.59397279675333
16491.42099916115	91.64612454935481
16731.294241189662	89.94367538017659
16974.65651986603	88.49771168370343
17221.558584396902	87.40149285376928
17472.051922153143	86.65259569351699
17726.188769406665	86.21217177530536
17984.022122223458	86.01600610160641
18245.605747515034	85.93757314198034
18510.99419425065	85.85706566856075
18780.242804832582	85.78630857556874
19053.40772663689	85.64820035256699
19330.545923722028	85.35149241198665
19611.71518870775	84.5660484763123
19896.974154826825	84.012428
20186.382308152035	84.012428