20	94.759811
20.290906698750476	94.759811
20.586044732869844	94.8129876779707
20.885475648548283	94.86156736905365
21.189261887185914	94.91328191114702
21.49746679841394	94.9650414833601
21.810154653305165	95.01141340796525
22.12739065777668	95.03274943434148
22.449240966187475	95.0392912266233
22.77577269513385	95.03422834682118
23.107053937445478	95.04163001692845
23.44315377638505	95.07949626253327
23.784142300054445	95.15030103052165
24.130090616010463	95.23203103291519
24.481070866093134	95.29442002001883
24.837156241469714	95.32561000886814
25.1984209978975	95.32003383526349
25.56494047120865	95.30935297641655
25.936791093020236	95.31815365213288
26.3140504066728	95.35749988114092
26.69679708340074	95.4137404943837
27.08511093873791	95.45907397786847
27.47907294916184	95.4740888201637
27.878765268980047	95.47198004759129
28.284271247461966	95.47650235703534
28.695675446220072	95.49870567155295
29.11306365684382	95.53731231063415
29.536522918790062	95.57963252991286
29.966141537533712	95.60921091257612
30.402009102982383	95.62928071689336
30.844216508158908	95.64860972424196
31.29285596815558	95.66906659132299
31.74802103936409	95.68439470539248
32.20980663898519	95.69174962490614
32.67830906482211	95.69398855627776
33.153626015361866	95.6981681709112
33.63585661014871	95.7072236892592
34.125101410453844	95.71718348870546
34.62146244024586	95.72391207017232
35.12504320746613	95.73071027980674
35.635948725613716	95.74639930130378
36.15428553564419	95.77390938908322
36.68016172818701	95.80187025499704
37.21368696608603	95.81263027492986
37.754972507267915	95.80236234944353
38.30413122794313	95.78621941762624
38.86127764614443	95.78298568642981
39.4265279456077	95.79072679895734
40.000000000000206	95.797256
40.58181339750116	95.79804048101256
41.1720894657399	95.80469264649236
41.77095129709678	95.8313768630865
42.37852377437204	95.87469900351144
42.9949335968281	95.89761140560768
43.62030930661056	95.87603242140321
44.25478131555359	95.85441302478078
44.89848193237519	95.87897826869758
45.55154539026795	95.90807721519394
46.21410787489121	95.8740237294662
46.88630755277036	95.83153619105022
47.56828460010916	95.85224791932991
48.260181232021196	95.87572311917052
48.962141732186545	95.8256049379025
49.674312482939705	95.78229815674082
50.39684199579528	95.81187985216887
51.129880942417586	95.86159505368194
51.873582186040764	95.89769658745658
52.628100813345895	95.94502133149777
53.393594166801776	95.90145488477953
54.17022187747612	95.73607681336502
54.95814589832399	95.79956649287146
55.75753053796041	96.04128089048322
56.56854249492426	95.77643965543902
57.39135089244048	95.50460162989232
58.226127313687975	95.36197417485778
59.073045837580466	94.9307564419514
59.932283075067765	94.58121271908091
60.804018205965114	95.79852148557673
61.68843301631817	96.02019715935181
62.58571193631152	95.62203650769898
63.49604207872855	95.61892276728106
64.41961327797075	95.70230307338552
65.35661812964459	95.7019624513264
66.3072520307241	95.64538864787633
67.27171322029778	95.56041607092001
68.25020282090806	95.60674930538485
69.2429248804921	95.59170940912632
70.25008641493265	95.55185441878436
71.27189745122783	95.5325990242601
72.30857107128878	95.52717511787472
73.36032345637442	95.49812780670904
74.42737393217246	95.47474715130926
75.50994501453623	95.45831152323868
76.60826245588666	95.42139831962976
77.72255529228926	95.3726573064145
78.85305589121582	95.3639580632155
80.00000000000082	95.35797099999998
81.16362679500274	95.31919788856874
82.34417893148023	95.28406812512321
83.541902594194	95.24695614038828
84.75704754874454	95.23674088375606
85.98986719365665	95.19878877458213
87.24061861322157	95.17264376712784
88.50956263110764	95.15805902555904
89.79696386475084	95.12427075104833
91.10309078053635	95.07956983388529
92.42821574978288	95.0453252956888
93.77261510554118	95.03827500640527
95.13656920021877	94.99693680905645
96.52036246404286	94.96079630893405
97.92428346437356	94.92843209242449
99.34862496587989	94.88068873368212
100.79368399159105	94.84415665343218
102.25976188483567	94.82366483842678
103.74716437208203	94.8056735751624
105.25620162669229	94.76797193254102
106.78718833360406	94.73364097756867
108.34044375495276	94.7083736130314
109.9162917966485	94.66631918285307
111.51506107592134	94.62627441578732
113.13708498984903	94.58889572760525
114.78270178488147	94.5439208156946
116.45225462737648	94.51153464018986
118.14609167516147	94.4556931436493
119.86456615013608	94.42541690486944
121.60803641193078	94.38467994110786
123.3768660326369	94.3453257051934
125.17142387262359	94.2992651877759
126.99208415745765	94.25053046218468
128.83922655594208	94.20648056487859
130.71323625928977	94.16208045612419
132.61450406144883	94.11772756684749
134.5434264405962	94.07049060470939
136.50040564181674	94.01909868905409
138.48584976098482	93.9711541994122
140.50017282986593	93.9105622832404
142.5437949024563	93.85873057782064
144.61714214257822	93.807870723075
146.7206469127495	93.76041537535669
148.8547478643456	93.70835978991883
151.01989002907314	93.65186574579556
153.216524911774	93.59545675322359
155.4451105845792	93.5388575350502
157.70611178243232	93.47052438574696
160.00000000000236	93.43321199999997
162.3272535900062	93.402360064608
164.6883578629612	93.36766042004955
167.08380518838874	93.36764854242219
169.51409509748981	93.36746185897245
171.97973438731407	93.37219739284987
174.4812372264439	93.34551791048524
177.01912526221608	93.30266512543679
179.5939277295025	93.2600748155802
182.20618156107355	93.21998116593753
184.85643149956664	93.20264368799597
187.54523021108326	93.17828887878468
190.27313840043846	93.15236274956226
193.04072492808663	93.12772737291647
195.84856692874806	93.1014896874391
198.69724993176072	93.05586214663018
201.58736798318304	93.01325390334549
204.5195237696723	92.97063235856344
207.49432874416505	92.9314338742992
210.5124032533856	92.89089700941331
213.57437666720915	92.83029380010076
216.68088750990657	92.77757167271038
219.83258359329807	92.73544968922434
223.03012215184378	92.67788889704784
226.2741699796992	92.63657569520315
229.5654035697641	92.58107615434425
232.90450925475412	92.54412936368358
236.2921833503241	92.55035237480006
239.72913230027333	92.49810559533739
243.21607282386276	92.44505016519425
246.75373206527502	92.34095631084531
250.34284774524843	92.31415822688952
253.9841683149166	92.24838596376973
257.67845311188546	92.21668876926434
261.42647251858085	92.16431311542274
265.22900812289896	92.12986555056249
269.08685288119375	92.1067272943865
273.0008112836349	92.06598240247038
276.97169952197106	92.04157938039539
281.00034565973334	92.02941319585976
285.0875898049141	92.01486921877238
289.23428428515797	91.98595348882274
293.44129382550057	91.95711546924196
297.7094957286928	91.92433650369487
302.0397800581479	91.88427668180145
306.4330498235497	91.84462363008795
310.89022116916016	91.81443893996364
315.41222356486645	91.80873142777003
320.00000000000654	91.764664
324.6545071800142	91.76821445807691
329.3767157259242	91.71115790482386
334.16761037677935	91.68927856072794
339.02819019498156	91.6818058765209
343.95946877463007	91.60746292508215
348.9624744528898	91.52956552819943
354.03825052443415	91.50829077063182
359.187855459007	91.48499542980014
364.4123631221491	91.4484066133694
369.71286299913527	91.41391782535354
375.0904604221685	91.37858893478625
380.54627680087896	91.34842918184475
386.08144985617537	91.31672140712416
391.6971338574982	91.28640700930332
397.3944998635236	91.25202282195833
403.1747359663683	91.21776495668377
409.0390475393468	91.19171581872332
414.9886574883323	91.16546881649992
421.0248065067734	91.13514873088322
427.1487533344206	91.10330659657531
433.3617750198154	91.07615313688633
439.6651671865984	91.05341060349757
446.06024430368984	91.02719626176676
452.54833995940066	91.00632814398536
459.13080713953053	90.97813763838546
465.8090185095106	90.94998250509452
472.58436670065066	90.92758341849866
479.45826460054917	90.90327554941251
486.432145647728	90.88030911453673
493.50746413055253	90.85833130466733
500.6856954904994	90.83661814088765
507.9683366298358	90.81523994782312
515.3569062237735	90.794110241284
522.8529450371643	90.77433932132423
530.4580162458005	90.7554503791269
538.1737057623901	90.73521537443125
546.0016225672724	90.71080619639929
553.9433990439449	90.69336239527382
562.0006913194694	90.67777122385819
570.1751796098309	90.6636835144137
578.4685685703187	90.64103095180704
586.8825876510039	90.63034257815228
595.4189914573883	90.6197470935579
604.0795601162986	90.60699796747589
612.8660996471021	90.59203418293303
621.780442338323	90.57700491773825
630.8244471297356	90.56837947357724
640.0000000000159	90.557823
649.3090143600314	90.55467655314631
658.7534314518515	90.5453341792312
668.3352207535618	90.5363927690469
678.0563803899662	90.53189158436001
687.9189375492632	90.5268660979732
697.9249489057827	90.52187613487267
708.0765010488715	90.5198742056712
718.3757109180171	90.52546581965676
728.8247262443015	90.5269392818509
739.425725998274	90.53240762016681
750.1809208443404	90.53793608824914
761.0925536017613	90.55326056715421
772.1628997123541	90.5606898084181
783.3942677149998	90.57636508435844
794.7889997270506	90.59324246162933
806.34947193274	90.61204224167848
818.0780950786972	90.63308688646163
829.9773149766683	90.6559743049809
842.0496130135506	90.68309494719999
854.2975066688449	90.71157685086922
866.7235500396347	90.73775721977799
879.3303343732008	90.76091234334933
892.1204886073838	90.77957842112275
905.0966799188055	90.79741198103643
918.2616142790653	90.85872439115174
931.6180370190256	91.02466925821248
945.1687334013056	91.24123977047222
958.9165292011028	91.38492064463868
972.8642912954606	91.4620348058492
987.0149282611097	91.53050510350116
1001.3713909810035	91.61386781612951
1015.9366732596762	91.70360382641027
1030.7138124475518	91.8065940009592
1045.7058900743334	91.91994103837327
1060.916032491606	92.03217530538834
1076.3474115247852	92.15271509135563
1092.0032451345498	92.27427828264157
1107.8867980878947	92.40597426503668
1124.0013826389438	92.53954523839516
1140.350359219667	92.675226240307
1156.9371371406426	92.80979754674668
1173.765175302013	92.94197434586913
1190.837982914782	93.07801652691388
1208.1591202326028	93.20986759274152
1225.73219929421	93.33970389463902
1243.5608846766518	93.4658679372688
1261.648894259477	93.5897373769564
1280.0000000000375	93.71383700000024
1298.6180287200684	93.83198913803227
1317.5068629037087	93.94905236690737
1336.6704415071292	94.06238054484972
1356.112760779938	94.17710044436134
1375.8378750985323	94.29013357164234
1395.8498978115715	94.40243672126157
1416.153002097749	94.50992236494605
1436.7514218360407	94.6166950071344
1457.6494524886093	94.72060970864342
1478.8514519965543	94.82075842684094
1500.3618416886875	94.92179119674296
1522.1851072035295	95.02348848697274
1544.3257994247153	95.12304334353895
1566.788535430007	95.22260449419244
1589.5779994541087	95.32586574381193
1612.6989438654878	95.42946587018871
1636.156190157402	95.5322997741466
1659.9546299533442	95.63578669102316
1684.099226027109	95.74016584264834
1708.5950133376978	95.84780327161417
1733.4471000792773	95.95812969083927
1758.6606687464096	96.06930191813747
1784.2409772147755	96.18260954558684
1810.193359837619	96.29737108606848
1836.5232285581387	96.41203421632983
1863.2360740380593	96.52676722019007
1890.3374668026197	96.64236670760268
1917.833058402214	96.75493498108533
1945.7285825909298	96.86671303477128
1974.0298565222283	96.97826945555845
2002.7427819620161	97.08981823244528
2031.8733465193618	97.19852842616719
2061.4276248951132	97.30140177127971
2091.411780148677	97.40312132891091
2121.832064983222	97.49492234023386
2152.694823049581	97.58481768047604
2184.0064902691106	97.66856613081514
2215.7735961758003	97.74262246378215
2248.002765277899	97.80830581778281
2280.7007184393456	97.86121690493927
2313.874274281297	97.9064935078236
2347.530350604038	97.9476514281118
2381.6759658295764	97.99867867833575
2416.318240465218	98.06991808258253
2451.4643985884327	98.18494611576541
2487.1217693533167	98.32726044355988
2523.2977885189675	98.46759899879874
2560.0000000000887	98.57878500000022
2597.236057440151	98.65075450217088
2635.0137258074315	98.68825111728867
2673.340883014273	98.69807424713903
2712.225521559891	98.6905517399319
2751.6757501970797	98.66694546537269
2791.699795623158	98.63084693556671
2832.3060041955137	98.58655630941271
2873.502843672097	98.54049926941936
2915.2989049772345	98.49887292484898
2957.7029039931244	98.46602867412933
3000.723683377391	98.4358082948266
3044.370214407075	98.413642802635
3088.6515988494466	98.38834287721293
3133.57707086003	98.35748541581889
3179.1559989082334	98.31982022965606
3225.3978877309914	98.27455737808212
3272.3123803148205	98.22438581804687
3319.9092599067053	98.17817751311787
3368.198452054235	98.14460499017339
3417.190026675413	98.12811583588785
3466.8942001585724	98.12506574763822
3517.3213374928373	98.12776128358736
3568.4819544295697	98.12657173541513
3620.386719675257	98.1202911775794
3673.0464571162966	98.103040865017
3726.472148076138	98.07668188620352
3780.6749336052594	98.0437587268656
3835.6661168044484	98.00769836049366
3891.45716518188	97.97021948393902
3948.059713044477	97.93402569224011
4005.4855639240527	97.90028654880278
4063.746693038744	97.86268046979303
4122.855249790247	97.82622567790092
4182.823560297375	97.7864634179167
4243.664129966465	97.74230011754491
4305.389646099183	97.69187160681754
4368.012980538242	97.63594780711453
4431.5471923516225	97.57556743514444
4496.00553055582	97.50574870007347
4561.401436878714	97.42997311670548
4627.748548562617	97.34694692959175
4695.060701208099	97.26123618352558
4763.351931659176	97.17361378805803
4832.63648093046	97.08437896876654
4902.928797176889	96.9844639271626
4974.243538706657	96.87972017161144
5046.595577037959	96.76770605472957
5120.000000000202	96.65135385714254
5194.472114880326	96.52727824827006
5270.027451614888	96.38882959036883
5346.6817660285715	96.23612102149225
5424.451043119808	96.06039900981462
5503.351500394186	95.97131973946128
5583.399591246343	95.91360814680452
5664.612008391055	95.82150958635022
5747.005687344222	95.7008916466603
5830.597809954497	95.56731498539477
5915.405807986278	95.44022608199857
6001.447366754812	95.3197857588103
6088.740428814181	95.20358243100239
6177.303197698925	95.09762816807216
6267.154141720092	95.0098297097654
6358.3119978165005	94.93764525942726
6450.795775462017	94.87827921298492
6544.624760629676	94.84142572542962
6639.818519813445	94.83531164885606
6736.396904108505	94.85405211220021
6834.380053350861	94.9009883102162
6933.788400317181	94.98794302180039
7034.642674985712	95.11214679196308
7136.963908859177	95.2832988827111
7240.773439350552	95.50349216677326
7346.092914232631	95.77358935120937
7452.944296152315	96.08139711282831
7561.349867210557	96.42478959952521
7671.332233608935	96.79084519474232
7782.914330363799	97.15726614664166
7896.119426088994	97.48744312783961
8010.971127848146	97.73868623145229
8127.49338607753	97.85309133175875
8245.710499580537	97.77875913887529
8365.647120594791	97.4708478985127
8487.328259932974	96.910944809338
8610.77929219841	96.03246796472428
8736.025961076528	94.83379519172792
8863.094384703289	93.4417127881779
8992.011061111683	91.96906751300698
9122.802873757471	90.55014670204997
9255.497097125279	89.2009778839528
9390.121402416245	87.94951109555264
9526.7038633184	86.8019156583541
9665.272961860968	85.74163288859113
9805.857594353829	84.81073942140851
9948.487077413367	84.1653899910511
10093.19115407597	84.06419051434064
10240.000000000457	84.6591398000028
10388.944229760706	85.83011189602385
10540.05490322983	86.99554273154571
10693.363532057198	87.6291734406603
10848.902086239672	87.6579459985985
11006.703000788428	87.35265049572291
11166.799182492743	86.95733269757405
11329.224016782166	86.59461351613123
11494.0113746885	86.31140404274792
11661.195619909053	86.1307871874904
11830.811615972614	86.09251739075097
12002.894733509682	86.15159220128515
12177.48085762842	86.31032186649747
12354.606395397908	86.61251111235488
12534.308283440243	87.03243305685004
12716.62399563306	87.61916217589703
12901.591550924093	88.44070013045854
13089.249521259411	89.36774873354642
13279.637039626952	90.55111521163609
13472.793808217073	91.97543313098657
13668.760106701786	93.52874608984537
13867.576800634426	95.06327715985208
14069.285349971487	96.10124026891341
14273.927817718419	96.46910829750152
14481.54687870117	95.7998280275875
14692.18582846533	94.55139915634183
14905.888592304698	93.33741168347329
15122.699734421185	92.2501220216018
15342.664467217943	91.32352233117619
15565.828660727671	90.60496744010253
15792.238852178061	90.11065037016137
16021.942255696367	89.61385765220577
16254.986772155136	88.86528277592005
16491.42099916115	87.88872146485276
16731.294241189662	86.43116048039089
16974.65651986603	84.35032696658158
17221.558584396902	80.24264698826273
17472.051922153143	77.65202615981764
17726.188769406665	80.65136628557286
17984.022122223458	79.94067809479839
18245.605747515034	78.53027846133982
18510.99419425065	77.42454955102548
18780.242804832582	76.3579613045878
19053.40772663689	75.49043271476371
19330.545923722028	74.57363483914033
19611.71518870775	73.64748225751853
19896.974154826825	73.103935
20186.382308152035	73.103935