20	102.670822
20.290906698750476	102.670822
20.586044732869844	102.70896988526168
20.885475648548283	102.74413268598866
21.189261887185914	102.78009959835809
21.49746679841394	102.8187093568568
21.810154653305165	102.85884879181269
22.12739065777668	102.8990335752745
22.449240966187475	102.93843608049751
22.77577269513385	102.97479587640598
23.107053937445478	103.00778862582851
23.44315377638505	103.0373289887656
23.784142300054445	103.06388634328879
24.130090616010463	103.08930257378454
24.481070866093134	103.11553328713734
24.837156241469714	103.14417755834536
25.1984209978975	103.17650487125043
25.56494047120865	103.21020425798959
25.936791093020236	103.24248711301792
26.3140504066728	103.27085471564207
26.69679708340074	103.29444714366848
27.08511093873791	103.3167910769497
27.47907294916184	103.3406580852477
27.878765268980047	103.36550998551795
28.284271247461966	103.38621352499258
28.695675446220072	103.39941599189746
29.11306365684382	103.40461332890648
29.536522918790062	103.40595932548702
29.966141537533712	103.41429134897892
30.402009102982383	103.43372584903996
30.844216508158908	103.45875920900752
31.29285596815558	103.47902290620972
31.74802103936409	103.4897668617836
32.20980663898519	103.49600936613255
32.67830906482211	103.50378357195687
33.153626015361866	103.51595775177876
33.63585661014871	103.52868455130942
34.125101410453844	103.53669047427346
34.62146244024586	103.53997021077873
35.12504320746613	103.54323798063986
35.635948725613716	103.54947107027012
36.15428553564419	103.55682436930809
36.68016172818701	103.56173620551264
37.21368696608603	103.56291671251036
37.754972507267915	103.56221466804875
38.30413122794313	103.56183828601664
38.86127764614443	103.56310961164617
39.4265279456077	103.5641772294838
40.000000000000206	103.561081
40.58181339750116	103.5540827311895
41.1720894657399	103.5482909035034
41.77095129709678	103.54417839486618
42.37852377437204	103.53764650984483
42.9949335968281	103.5295692076966
43.62030930661056	103.52328772286877
44.25478131555359	103.51649235540395
44.89848193237519	103.50356172811834
45.55154539026795	103.48545451083523
46.21410787489121	103.46839994880968
46.88630755277036	103.45396778393075
47.56828460010916	103.44010224615256
48.260181232021196	103.4300400295042
48.962141732186545	103.4244948853588
49.674312482939705	103.41735103147091
50.39684199579528	103.40872185763557
51.129880942417586	103.40213798940209
51.873582186040764	103.39220990596215
52.628100813345895	103.37092595948297
53.393594166801776	103.34762105021626
54.17022187747612	103.32802731700569
54.95814589832399	103.31172422312503
55.75753053796041	103.31071501953767
56.56854249492426	103.3014158700865
57.39135089244048	103.27749282600156
58.226127313687975	103.24636917395456
59.073045837580466	103.214682851765
59.932283075067765	103.11066101408308
60.804018205965114	103.09104177103708
61.68843301631817	103.15470830311295
62.58571193631152	103.13060288884937
63.49604207872855	103.08196366733448
64.41961327797075	103.05151954395626
65.35661812964459	103.02533824051395
66.3072520307241	102.99463223903628
67.27171322029778	102.95456155736836
68.25020282090806	102.92133091875951
69.2429248804921	102.89637644929932
70.25008641493265	102.8596576922076
71.27189745122783	102.82661658158193
72.30857107128878	102.79868452645655
73.36032345637442	102.76239464678754
74.42737393217246	102.72833935347035
75.50994501453623	102.68932096954397
76.60826245588666	102.64691904003087
77.72255529228926	102.6152872243871
78.85305589121582	102.56972968072301
80.00000000000082	102.52875499999998
81.16362679500274	102.49602597519
82.34417893148023	102.4567882918163
83.541902594194	102.41840589064806
84.75704754874454	102.3795559151026
85.98986719365665	102.33649279610678
87.24061861322157	102.29074723682187
88.50956263110764	102.24803524029741
89.79696386475084	102.2043133778679
91.10309078053635	102.15542230975343
92.42821574978288	102.10963826145203
93.77261510554118	102.06181329191404
95.13656920021877	102.00843116861292
96.52036246404286	101.95768644318042
97.92428346437356	101.90902958018692
99.34862496587989	101.85838545426124
100.79368399159105	101.80838938770374
102.25976188483567	101.75394272286933
103.74716437208203	101.69883933776906
105.25620162669229	101.64671073546761
106.78718833360406	101.5930907634439
108.34044375495276	101.54107065192319
109.9162917966485	101.48671779358817
111.51506107592134	101.43500124395776
113.13708498984903	101.37410181810256
114.78270178488147	101.32929958301702
116.45225462737648	101.27220576185866
118.14609167516147	101.2009644927486
119.86456615013608	101.24204663952968
121.60803641193078	101.12668880417515
123.3768660326369	101.03787075554736
125.17142387262359	100.99644987094788
126.99208415745765	100.92422109805594
128.83922655594208	100.87243721536797
130.71323625928977	100.81066343036949
132.61450406144883	100.74931302086195
134.5434264405962	100.68805615950565
136.50040564181674	100.62598299641846
138.48584976098482	100.5635317042285
140.50017282986593	100.5004210057951
142.5437949024563	100.43742567420014
144.61714214257822	100.37395607325995
146.7206469127495	100.31141319546948
148.8547478643456	100.24658902838493
151.01989002907314	100.17982825295206
153.216524911774	100.11319573857823
155.4451105845792	100.04859528919263
157.70611178243232	99.98600434944781
160.00000000000236	99.92033399999993
162.3272535900062	99.85213802260134
164.6883578629612	99.78643047621533
167.08380518838874	99.71963833128036
169.51409509748981	99.65225592930265
171.97973438731407	99.58623292497302
174.4812372264439	99.51822561439252
177.01912526221608	99.4460709519723
179.5939277295025	99.37430775558956
182.20618156107355	99.30138228107975
184.85643149956664	99.23081865023926
187.54523021108326	99.15700508214745
190.27313840043846	99.07708273198811
193.04072492808663	99.0077556661192
195.84856692874806	98.92829195245156
198.69724993176072	98.85061287773615
201.58736798318304	98.77729337827472
204.5195237696723	98.70506804338207
207.49432874416505	98.63399010706857
210.5124032533856	98.57089910586461
213.57437666720915	98.5231904786917
216.68088750990657	98.49398801412381
219.83258359329807	98.47050352621889
223.03012215184378	98.45736878099974
226.2741699796992	98.4469594226851
229.5654035697641	98.43998974727577
232.90450925475412	98.41791941931072
236.2921833503241	98.39056403104986
239.72913230027333	98.42340665597834
243.21607282386276	98.28141686556127
246.75373206527502	98.22805658239342
250.34284774524843	98.16639159310006
253.9841683149166	98.10264117322659
257.67845311188546	98.03829270369718
261.42647251858085	97.97205542907493
265.22900812289896	97.91185494173666
269.08685288119375	97.843906072581
273.0008112836349	97.7834842672308
276.97169952197106	97.72107529514084
281.00034565973334	97.66089852827427
285.0875898049141	97.5985829456632
289.23428428515797	97.53627803175864
293.44129382550057	97.47945666638829
297.7094957286928	97.38981664105336
302.0397800581479	97.34166539204291
306.4330498235497	97.32362724140762
310.89022116916016	97.27093343150328
315.41222356486645	97.22446373601177
320.00000000000654	97.17818499999993
324.6545071800142	97.13145188610979
329.3767157259242	97.08218329595763
334.16761037677935	97.03649379767903
339.02819019498156	96.98323623715277
343.95946877463007	96.93261141749703
348.9624744528898	96.882252597474
354.03825052443415	96.82942667549764
359.187855459007	96.77689208492296
364.4123631221491	96.73069526275178
369.71286299913527	96.68459184842273
375.0904604221685	96.63310421875627
380.54627680087896	96.58354124456504
386.08144985617537	96.537047511263
391.6971338574982	96.49233591131319
397.3944998635236	96.44645918172309
403.1747359663683	96.40136621705055
409.0390475393468	96.35696190664427
414.9886574883323	96.31243412830707
421.0248065067734	96.2683688119421
427.1487533344206	96.22606099072442
433.3617750198154	96.18632030301964
439.6651671865984	96.14663209974258
446.06024430368984	96.10919379810701
452.54833995940066	96.06722459180678
459.13080713953053	96.02965835476198
465.8090185095106	95.99098712768624
472.58436670065066	95.95347525503827
479.45826460054917	95.9214399855243
486.432145647728	95.8859623375279
493.50746413055253	95.84964935510779
500.6856954904994	95.81552048890606
507.9683366298358	95.78107177565673
515.3569062237735	95.75179727975744
522.8529450371643	95.72111377268344
530.4580162458005	95.68663911871685
538.1737057623901	95.65954739356339
546.0016225672724	95.62700965870408
553.9433990439449	95.59675575351054
562.0006913194694	95.56767505490481
570.1751796098309	95.54233998798884
578.4685685703187	95.51800552610098
586.8825876510039	95.4912213633747
595.4189914573883	95.47396813798223
604.0795601162986	95.44860944196955
612.8660996471021	95.41800901305923
621.780442338323	95.4000165765195
630.8244471297356	95.37650639494052
640.0000000000159	95.35845899999997
649.3090143600314	95.34205372399332
658.7534314518515	95.37386707358355
668.3352207535618	95.3216297729441
678.0563803899662	95.29744735517995
687.9189375492632	95.28461195545188
697.9249489057827	95.27466891009426
708.0765010488715	95.26409656682802
718.3757109180171	95.26143846152718
728.8247262443015	95.25398335765524
739.425725998274	95.24966175241582
750.1809208443404	95.24947366033575
761.0925536017613	95.25084034233862
772.1628997123541	95.2564529105059
783.3942677149998	95.26624925085736
794.7889997270506	95.27526273981985
806.34947193274	95.28596844150435
818.0780950786972	95.30470199850613
829.9773149766683	95.33151883282517
842.0496130135506	95.3592341927877
854.2975066688449	95.38537304233627
866.7235500396347	95.42302799287977
879.3303343732008	95.46555208407078
892.1204886073838	95.54023255472597
905.0966799188055	95.59996776299555
918.2616142790653	95.61390852705033
931.6180370190256	95.63215792854324
945.1687334013056	95.65036264088924
958.9165292011028	95.71405925218876
972.8642912954606	95.8232365323832
987.0149282611097	95.94775244239912
1001.3713909810035	96.05924856272802
1015.9366732596762	96.16551580796367
1030.7138124475518	96.25658816301204
1045.7058900743334	96.35942572720822
1060.916032491606	96.46685238834733
1076.3474115247852	96.5796468024989
1092.0032451345498	96.69469075683462
1107.8867980878947	96.81273204977003
1124.0013826389438	96.93376641603083
1140.350359219667	97.06102381903636
1156.9371371406426	97.18279389688614
1173.765175302013	97.30558972206127
1190.837982914782	97.42882342119735
1208.1591202326028	97.55346397221523
1225.73219929421	97.67189302477007
1243.5608846766518	97.79092631178136
1261.648894259477	97.90744028240343
1280.0000000000375	98.02098800000022
1298.6180287200684	98.12814220249548
1317.5068629037087	98.23309570714561
1336.6704415071292	98.34023952563534
1356.112760779938	98.4441144110088
1375.8378750985323	98.5461522001516
1395.8498978115715	98.64316997280645
1416.153002097749	98.73893649126738
1436.7514218360407	98.83476432666428
1457.6494524886093	98.9294531937897
1478.8514519965543	99.02523632825286
1500.3618416886875	99.12356540877016
1522.1851072035295	99.21556531273576
1544.3257994247153	99.30978232347663
1566.788535430007	99.40615103080762
1589.5779994541087	99.50506497785824
1612.6989438654878	99.60539745341443
1636.156190157402	99.70719382276208
1659.9546299533442	99.80956619466198
1684.099226027109	99.91254565559547
1708.5950133376978	100.02080445246365
1733.4471000792773	100.13364181042041
1758.6606687464096	100.24690548503465
1784.2409772147755	100.36643443745635
1810.193359837619	100.48996144866769
1836.5232285581387	100.60928402843321
1863.2360740380593	100.736197843982
1890.3374668026197	100.86910053649318
1917.833058402214	101.00513696099115
1945.7285825909298	101.1485119450809
1974.0298565222283	101.29462938499017
2002.7427819620161	101.45039612279206
2031.8733465193618	101.60459082302182
2061.4276248951132	101.76521922003339
2091.411780148677	101.9272256249068
2121.832064983222	102.09201707434687
2152.694823049581	102.25306565088121
2184.0064902691106	102.41039869610303
2215.7735961758003	102.56009669608261
2248.002765277899	102.70349981879774
2280.7007184393456	102.83932941399236
2313.874274281297	102.96573088293539
2347.530350604038	103.084604788539
2381.6759658295764	103.19281739985519
2416.318240465218	103.29815092104357
2451.4643985884327	103.39712450491153
2487.1217693533167	103.48807507174551
2523.2977885189675	103.57297530409635
2560.0000000000887	103.6562385000002
2597.236057440151	103.72898606457849
2635.0137258074315	103.78991240410103
2673.340883014273	103.84675848480069
2712.225521559891	103.89956931357959
2751.6757501970797	103.94410683201332
2791.699795623158	103.98294967766095
2832.3060041955137	104.0135102420344
2873.502843672097	104.03822814314562
2915.2989049772345	104.05788392029261
2957.7029039931244	104.07289112733763
3000.723683377391	104.08271094067442
3044.370214407075	104.08881063514733
3088.6515988494466	104.09305790317242
3133.57707086003	104.09451275226742
3179.1559989082334	104.0950185192905
3225.3978877309914	104.09539148430497
3272.3123803148205	104.09225653229592
3319.9092599067053	104.08911086489849
3368.198452054235	104.08874841516446
3417.190026675413	104.08098625881429
3466.8942001585724	104.07224146044179
3517.3213374928373	104.06360242461241
3568.4819544295697	104.0498260599136
3620.386719675257	104.03160764637386
3673.0464571162966	104.01280096116437
3726.472148076138	103.9903454474497
3780.6749336052594	103.96209341721489
3835.6661168044484	103.93166170492225
3891.45716518188	103.89649782102762
3948.059713044477	103.85835548661858
4005.4855639240527	103.8171021783179
4063.746693038744	103.774346868011
4122.855249790247	103.72748863632074
4182.823560297375	103.67882958836269
4243.664129966465	103.63273068872442
4305.389646099183	103.58395246731878
4368.012980538242	103.53690215808943
4431.5471923516225	103.49100090826225
4496.00553055582	103.45287610420267
4561.401436878714	103.42047966636672
4627.748548562617	103.39632429642668
4695.060701208099	103.38527241748534
4763.351931659176	103.39194322441062
4832.63648093046	103.4235266908002
4902.928797176889	103.48761732023785
4974.243538706657	103.58113108420321
5046.595577037959	103.71507652929277
5120.000000000202	103.88655942857194
5194.472114880326	104.10654486126715
5270.027451614888	104.37452512000739
5346.6817660285715	104.67419253068456
5424.451043119808	104.96460833346657
5503.351500394186	105.157277195682
5583.399591246343	105.13790368201016
5664.612008391055	104.8290345734788
5747.005687344222	104.34394406210521
5830.597809954497	103.76249620623292
5915.405807986278	103.176630919684
6001.447366754812	102.65450793096552
6088.740428814181	102.23007555902768
6177.303197698925	101.89870106556833
6267.154141720092	101.64406623085522
6358.3119978165005	101.45041276246285
6450.795775462017	101.3013376289029
6544.624760629676	101.19268477964808
6639.818519813445	101.11958825466508
6736.396904108505	101.08539904640146
6834.380053350861	101.09794321075906
6933.788400317181	101.16216546806005
7034.642674985712	101.27772956045919
7136.963908859177	101.46638064999632
7240.773439350552	101.71347263752952
7346.092914232631	102.01345961363931
7452.944296152315	102.34741439598044
7561.349867210557	102.71590376145957
7671.332233608935	103.10450598629346
7782.914330363799	103.47530428422473
7896.119426088994	103.78270990131328
8010.971127848146	103.93568703943718
8127.49338607753	103.83934577113637
8245.710499580537	103.46017711064924
8365.647120594791	102.82456130313768
8487.328259932974	102.00462493235119
8610.77929219841	101.04285376657073
8736.025961076528	100.0042231443632
8863.094384703289	98.95124026765394
8992.011061111683	97.93608589927605
9122.802873757471	96.97784237836181
9255.497097125279	96.07960892717782
9390.121402416245	95.25244991424232
9526.7038633184	94.48658432190842
9665.272961860968	93.7836327220238
9805.857594353829	93.12551882297402
9948.487077413367	92.52034287737546
10093.19115407597	91.96690156307523
10240.000000000457	91.45381919999846
10388.944229760706	90.98731392322956
10540.05490322983	90.5741203768879
10693.363532057198	90.24755082602155
10848.902086239672	90.04303911058163
11006.703000788428	90.03685003012811
11166.799182492743	90.38403111585068
11329.224016782166	91.27961369882124
11494.0113746885	92.55379971492926
11661.195619909053	94.01991975469832
11830.811615972614	95.32347931650938
12002.894733509682	96.37399313856348
12177.48085762842	97.32172096879663
12354.606395397908	98.18953784640178
12534.308283440243	99.06000353278975
12716.62399563306	99.90157304790657
12901.591550924093	100.44907764441795
13089.249521259411	100.79127463415256
13279.637039626952	100.64523944831632
13472.793808217073	100.02057294168537
13668.760106701786	99.1664316367685
13867.576800634426	98.2798214642774
14069.285349971487	97.50288336797011
14273.927817718419	96.86687299603474
14481.54687870117	96.50200262476027
14692.18582846533	96.46638398386476
14905.888592304698	96.64118303067549
15122.699734421185	97.06938631024192
15342.664467217943	97.6254602317052
15565.828660727671	97.96008359933477
15792.238852178061	97.59789355477339
16021.942255696367	96.21766120172293
16254.986772155136	94.15031177664318
16491.42099916115	91.94150539847666
16731.294241189662	89.92424104955067
16974.65651986603	88.0917859392243
17221.558584396902	84.08158467624762
17472.051922153143	84.01189769107232
17726.188769406665	83.54640776933712
17984.022122223458	82.7992040218286
18245.605747515034	82.10127884941194
18510.99419425065	81.67455107020174
18780.242804832582	81.25607000880845
19053.40772663689	81.08457715185166
19330.545923722028	80.88210968558192
19611.71518870775	80.41751655782069
19896.974154826825	80.111427
20186.382308152035	80.111427