20	104.797852
20.290906698750476	104.797852
20.586044732869844	104.79456343851965
20.885475648548283	104.78632308756059
21.189261887185914	104.77709147025517
21.49746679841394	104.76846409198205
21.810154653305165	104.76011476761126
22.12739065777668	104.75109520326575
22.449240966187475	104.74112090020022
22.77577269513385	104.72954016477641
23.107053937445478	104.71734129423068
23.44315377638505	104.70539406056439
23.784142300054445	104.69346086905956
24.130090616010463	104.68004897560559
24.481070866093134	104.66166342542066
24.837156241469714	104.63834619087302
25.1984209978975	104.6113061120236
25.56494047120865	104.58696392445957
25.936791093020236	104.57059397839204
26.3140504066728	104.56322001490109
26.69679708340074	104.55803575040916
27.08511093873791	104.54471675470751
27.47907294916184	104.51376390444359
27.878765268980047	104.47213901121778
28.284271247461966	104.43572220644565
28.695675446220072	104.41572896186696
29.11306365684382	104.41448277975523
29.536522918790062	104.42323508563717
29.966141537533712	104.41895436572001
30.402009102982383	104.3914626060395
30.844216508158908	104.3464267985219
31.29285596815558	104.30203724780498
31.74802103936409	104.26698502042194
32.20980663898519	104.2366814958203
32.67830906482211	104.2031705607904
33.153626015361866	104.1615643128021
33.63585661014871	104.11627061115571
34.125101410453844	104.0759686434364
34.62146244024586	104.04350597317529
35.12504320746613	104.0129328477545
35.635948725613716	103.97678572615122
36.15428553564419	103.93458842058655
36.68016172818701	103.89227901615389
37.21368696608603	103.85305233438007
37.754972507267915	103.81155739259043
38.30413122794313	103.76535810378165
38.86127764614443	103.71855716749565
39.4265279456077	103.67905460093945
40.000000000000206	103.64456199999998
40.58181339750116	103.59659229516602
41.1720894657399	103.53627084960337
41.77095129709678	103.48713293686406
42.37852377437204	103.4550742746632
42.9949335968281	103.41215322441317
43.62030930661056	103.34701063707811
44.25478131555359	103.28339555465642
44.89848193237519	103.23586738831528
45.55154539026795	103.19119687873257
46.21410787489121	103.13623646628112
46.88630755277036	103.08648045374795
47.56828460010916	103.04584741052905
48.260181232021196	102.99255442573262
48.962141732186545	102.91431681288857
49.674312482939705	102.84111238370942
50.39684199579528	102.79902218855885
51.129880942417586	102.76173246081287
51.873582186040764	102.69341229577361
52.628100813345895	102.60683082153918
53.393594166801776	102.54680731609152
54.17022187747612	102.52101224218703
54.95814589832399	102.49491810373347
55.75753053796041	102.43105067733723
56.56854249492426	102.36488399835665
57.39135089244048	102.31903873546851
58.226127313687975	102.28892050362424
59.073045837580466	102.2574121967829
59.932283075067765	102.27334159592868
60.804018205965114	102.18750163451851
61.68843301631817	102.04407062927905
62.58571193631152	102.00242395183928
63.49604207872855	101.9574435735526
64.41961327797075	101.87957108021563
65.35661812964459	101.80501441425135
66.3072520307241	101.74285704497426
67.27171322029778	101.6869020690476
68.25020282090806	101.61729777902394
69.2429248804921	101.54566818897675
70.25008641493265	101.48174970916733
71.27189745122783	101.4080917485858
72.30857107128878	101.34444312987941
73.36032345637442	101.27977696724925
74.42737393217246	101.21430803740098
75.50994501453623	101.1520185665285
76.60826245588666	101.08847817074242
77.72255529228926	101.02850103624897
78.85305589121582	100.97330164620982
80.00000000000082	100.90528099999996
81.16362679500274	100.84093906520448
82.34417893148023	100.7846314118114
83.541902594194	100.70914401382588
84.75704754874454	100.63531097097191
85.98986719365665	100.58996771613086
87.24061861322157	100.52155279119314
88.50956263110764	100.45431665907402
89.79696386475084	100.39489965907144
91.10309078053635	100.32697495649938
92.42821574978288	100.25538640853773
93.77261510554118	100.18984885615411
95.13656920021877	100.12527654085441
96.52036246404286	100.06931770801788
97.92428346437356	100.00706540055775
99.34862496587989	99.94639668226986
100.79368399159105	99.88130428039548
102.25976188483567	99.80992965967799
103.74716437208203	99.74796788525116
105.25620162669229	99.67756985234757
106.78718833360406	99.61350481604201
108.34044375495276	99.55326329143554
109.9162917966485	99.4857211818002
111.51506107592134	99.42727267411915
113.13708498984903	99.36240789442195
114.78270178488147	99.3012929975372
116.45225462737648	99.24048588038944
118.14609167516147	99.15719053674405
119.86456615013608	99.11422665896539
121.60803641193078	99.0740044791363
123.3768660326369	99.00660243591065
125.17142387262359	98.95197744919555
126.99208415745765	98.88436445159688
128.83922655594208	98.8303483756287
130.71323625928977	98.77060922973672
132.61450406144883	98.71323714131397
134.5434264405962	98.6551875393101
136.50040564181674	98.59914115720898
138.48584976098482	98.54111399955379
140.50017282986593	98.48587475875829
142.5437949024563	98.42981207444092
144.61714214257822	98.37523755858476
146.7206469127495	98.32452200418956
148.8547478643456	98.27302736997494
151.01989002907314	98.22013998756043
153.216524911774	98.16826194321725
155.4451105845792	98.11863441146457
157.70611178243232	98.06473739464997
160.00000000000236	98.01304599999995
162.3272535900062	97.96347270582856
164.6883578629612	97.91230300834431
167.08380518838874	97.86069484530172
169.51409509748981	97.81281843197414
171.97973438731407	97.76365613615886
174.4812372264439	97.71275506078491
177.01912526221608	97.67008494548402
179.5939277295025	97.60793671091668
182.20618156107355	97.56879947867459
184.85643149956664	97.52494697537857
187.54523021108326	97.47708942999655
190.27313840043846	97.43860270074376
193.04072492808663	97.39273921250204
195.84856692874806	97.346227143301
198.69724993176072	97.3028282866865
201.58736798318304	97.26276864076777
204.5195237696723	97.2189591442598
207.49432874416505	97.17477582109835
210.5124032533856	97.13329093082243
213.57437666720915	97.09303108138782
216.68088750990657	97.05276426315012
219.83258359329807	97.01435674046934
223.03012215184378	96.97296568760214
226.2741699796992	96.93171399023889
229.5654035697641	96.89325700260116
232.90450925475412	96.85203688365192
236.2921833503241	96.81275227611214
239.72913230027333	96.74356563451242
243.21607282386276	96.75420864928911
246.75373206527502	96.71618588776242
250.34284774524843	96.68483880082594
253.9841683149166	96.65130679003002
257.67845311188546	96.61542114956492
261.42647251858085	96.57968469118627
265.22900812289896	96.5417942548654
269.08685288119375	96.50503246849762
273.0008112836349	96.47132251461336
276.97169952197106	96.43426541226219
281.00034565973334	96.39798857589469
285.0875898049141	96.35761220509136
289.23428428515797	96.32183120776023
293.44129382550057	96.28866960032491
297.7094957286928	96.28518341433514
302.0397800581479	96.2410408083008
306.4330498235497	96.16990682611245
310.89022116916016	96.13008554451706
315.41222356486645	96.08520766987756
320.00000000000654	96.04226699999992
324.6545071800142	95.99630839610454
329.3767157259242	95.94518729721484
334.16761037677935	95.90012933560871
339.02819019498156	95.8617293509472
343.95946877463007	95.85210357589253
348.9624744528898	95.88529299978242
354.03825052443415	95.9641275733897
359.187855459007	96.0563542881914
364.4123631221491	96.09727821002927
369.71286299913527	96.09826692916666
375.0904604221685	96.06134473353653
380.54627680087896	96.02526230221476
386.08144985617537	95.99773696545117
391.6971338574982	95.97951008719917
397.3944998635236	95.96788776759348
403.1747359663683	95.95924027908603
409.0390475393468	95.94286152582494
414.9886574883323	95.91586647083632
421.0248065067734	95.88726394546336
427.1487533344206	95.85875898856544
433.3617750198154	95.82439044702996
439.6651671865984	95.79403783525555
446.06024430368984	95.76139462971884
452.54833995940066	95.73184700941549
459.13080713953053	95.70255398564184
465.8090185095106	95.67317078805888
472.58436670065066	95.64325710111294
479.45826460054917	95.61161289008149
486.432145647728	95.58538713104556
493.50746413055253	95.56045048740827
500.6856954904994	95.5318153968625
507.9683366298358	95.49981911301681
515.3569062237735	95.47915213802982
522.8529450371643	95.45026619489447
530.4580162458005	95.42124033186379
538.1737057623901	95.38994148346953
546.0016225672724	95.37187773658731
553.9433990439449	95.34346282887249
562.0006913194694	95.31928327813316
570.1751796098309	95.29430412232676
578.4685685703187	95.27409479210785
586.8825876510039	95.24933256517359
595.4189914573883	95.23238189790509
604.0795601162986	95.20871383522423
612.8660996471021	95.18117114765683
621.780442338323	95.15731858802909
630.8244471297356	95.13142969222997
640.0000000000159	95.11247299999995
649.3090143600314	95.08748015824618
658.7534314518515	95.05406275221405
668.3352207535618	95.04320906008711
678.0563803899662	95.02603167692001
687.9189375492632	95.00957913248402
697.9249489057827	94.98803424003202
708.0765010488715	94.97170110404875
718.3757109180171	94.9556565843442
728.8247262443015	94.94440782399235
739.425725998274	94.93150948797876
750.1809208443404	94.91874063666094
761.0925536017613	94.91099883321955
772.1628997123541	94.9053204558348
783.3942677149998	94.8999987512545
794.7889997270506	94.89519550110673
806.34947193274	94.89501892439895
818.0780950786972	94.89814122355129
829.9773149766683	94.90378634318483
842.0496130135506	94.91396587705437
854.2975066688449	94.9263467964714
866.7235500396347	94.94164905955357
879.3303343732008	94.96274323807931
892.1204886073838	94.98149261505756
905.0966799188055	95.01001011225087
918.2616142790653	95.05970449329224
931.6180370190256	95.10396885962392
945.1687334013056	95.15246716101589
958.9165292011028	95.2049770121632
972.8642912954606	95.26574888218086
987.0149282611097	95.3331356683147
1001.3713909810035	95.40154765478107
1015.9366732596762	95.48004978036465
1030.7138124475518	95.56130200849358
1045.7058900743334	95.64878395375399
1060.916032491606	95.73888274470588
1076.3474115247852	95.83288458016392
1092.0032451345498	95.93165113552959
1107.8867980878947	96.03121652263293
1124.0013826389438	96.12926717089758
1140.350359219667	96.22619314624896
1156.9371371406426	96.32903847670595
1173.765175302013	96.42574380714268
1190.837982914782	96.52110575367398
1208.1591202326028	96.61551076981438
1225.73219929421	96.69963862770874
1243.5608846766518	96.78316805559649
1261.648894259477	96.8585287390907
1280.0000000000375	96.93235800000012
1298.6180287200684	96.99458157975718
1317.5068629037087	97.04386954573282
1336.6704415071292	97.11228038769997
1356.112760779938	97.16828491833898
1375.8378750985323	97.22794913046552
1395.8498978115715	97.25983475365125
1416.153002097749	97.29788096176762
1436.7514218360407	97.33767786476308
1457.6494524886093	97.37217536698286
1478.8514519965543	97.40565125409448
1500.3618416886875	97.43908023497228
1522.1851072035295	97.4681043051764
1544.3257994247153	97.49881831264516
1566.788535430007	97.52842443006848
1589.5779994541087	97.56034211960201
1612.6989438654878	97.59158986025662
1636.156190157402	97.62230287095608
1659.9546299533442	97.6569793324031
1684.099226027109	97.6949399439023
1708.5950133376978	97.73274072552672
1733.4471000792773	97.77235448993083
1758.6606687464096	97.81598188291609
1784.2409772147755	97.86404337908169
1810.193359837619	97.9137247071227
1836.5232285581387	97.96345203602112
1863.2360740380593	98.02053845413828
1890.3374668026197	98.08185116294693
1917.833058402214	98.14657921009582
1945.7285825909298	98.21732245068641
1974.0298565222283	98.29493709957318
2002.7427819620161	98.37882982620181
2031.8733465193618	98.466341207873
2061.4276248951132	98.5588225311631
2091.411780148677	98.65545902965403
2121.832064983222	98.75996485262333
2152.694823049581	98.86482679198684
2184.0064902691106	98.97641426636746
2215.7735961758003	99.09521557765451
2248.002765277899	99.21684877704715
2280.7007184393456	99.34681207636203
2313.874274281297	99.48220106609567
2347.530350604038	99.62592022930507
2381.6759658295764	99.77499959052862
2416.318240465218	99.92984311727213
2451.4643985884327	100.09204791884335
2487.1217693533167	100.25693626203736
2523.2977885189675	100.42833110685356
2560.0000000000887	100.60385900000043
2597.236057440151	100.7825402528393
2635.0137258074315	100.9644548554321
2673.340883014273	101.14673196073835
2712.225521559891	101.32889947541572
2751.6757501970797	101.51291414545199
2791.699795623158	101.69557763055394
2832.3060041955137	101.8700066217638
2873.502843672097	102.04007332249274
2915.2989049772345	102.20274455883497
2957.7029039931244	102.35298397215215
3000.723683377391	102.49008678539893
3044.370214407075	102.61619460263502
3088.6515988494466	102.72686125023165
3133.57707086003	102.82271071393436
3179.1559989082334	102.90046095686694
3225.3978877309914	102.96035491508974
3272.3123803148205	103.00097901659278
3319.9092599067053	103.01893647128158
3368.198452054235	103.0090942374239
3417.190026675413	102.96825616693076
3466.8942001585724	102.89659423840237
3517.3213374928373	102.79731314502449
3568.4819544295697	102.66973255056104
3620.386719675257	102.52315050535691
3673.0464571162966	102.36768485943423
3726.472148076138	102.20208572880458
3780.6749336052594	102.02268285403512
3835.6661168044484	101.83283909542634
3891.45716518188	101.63097942716584
3948.059713044477	101.42277120004437
4005.4855639240527	101.20911074804788
4063.746693038744	101.0060944386058
4122.855249790247	100.80772813188136
4182.823560297375	100.61734048213167
4243.664129966465	100.44143735795339
4305.389646099183	100.27971243676691
4368.012980538242	100.13117380160962
4431.5471923516225	99.99130659199966
4496.00553055582	99.86227189125518
4561.401436878714	99.73885774744542
4627.748548562617	99.62813496520761
4695.060701208099	99.51361036480542
4763.351931659176	99.40513535689786
4832.63648093046	99.30157828662784
4902.928797176889	99.19692879156645
4974.243538706657	99.09380794258156
5046.595577037959	98.9908492650049
5120.000000000202	98.88664685714257
5194.472114880326	98.78795571890615
5270.027451614888	98.69471740427541
5346.6817660285715	98.6022073977525
5424.451043119808	98.51213428864399
5503.351500394186	98.42847665759477
5583.399591246343	98.34852904260042
5664.612008391055	98.28027755287289
5747.005687344222	98.22400630421997
5830.597809954497	98.1802460907268
5915.405807986278	98.15166014720364
6001.447366754812	98.14831836799583
6088.740428814181	98.17116106317765
6177.303197698925	98.20791337920559
6267.154141720092	98.26925075861784
6358.3119978165005	98.34834835457829
6450.795775462017	98.45265492280144
6544.624760629676	98.58493274415122
6639.818519813445	98.7476381667882
6736.396904108505	98.94645505157177
6834.380053350861	99.18412480092401
6933.788400317181	99.46262030338687
7034.642674985712	99.78196889391475
7136.963908859177	100.15788056887016
7240.773439350552	100.59024037711603
7346.092914232631	101.06675311931035
7452.944296152315	101.58880915659753
7561.349867210557	102.14832504856055
7671.332233608935	102.71491900842793
7782.914330363799	103.23456429626144
7896.119426088994	103.63328356783155
8010.971127848146	103.8281823383614
8127.49338607753	103.70756474611943
8245.710499580537	103.28243963743923
8365.647120594791	102.61115960805577
8487.328259932974	101.78673113969052
8610.77929219841	100.84250751708184
8736.025961076528	99.82266282035192
8863.094384703289	98.78004254610886
8992.011061111683	97.76118912856256
9122.802873757471	96.81609043257855
9255.497097125279	95.9451087987504
9390.121402416245	95.16218217050076
9526.7038633184	94.47906913099739
9665.272961860968	93.88971884822612
9805.857594353829	93.3741568018325
9948.487077413367	92.95014260369625
10093.19115407597	92.62119186207379
10240.000000000457	92.3640563999993
10388.944229760706	92.1850538711478
10540.05490322983	92.09535383468953
10693.363532057198	92.08509317624608
10848.902086239672	92.1461330980223
11006.703000788428	92.24397136880906
11166.799182492743	92.4136080713715
11329.224016782166	92.59704052093022
11494.0113746885	92.76713711696443
11661.195619909053	92.89051746168523
11830.811615972614	92.97990052373184
12002.894733509682	93.02385187566709
12177.48085762842	93.07811783796197
12354.606395397908	93.13343406117792
12534.308283440243	93.23229777249547
12716.62399563306	93.40896061571353
12901.591550924093	93.69718947077213
13089.249521259411	94.03892803889347
13279.637039626952	94.46511351683439
13472.793808217073	94.98123832564421
13668.760106701786	95.55283908210521
13867.576800634426	96.07341820643371
14069.285349971487	96.38621213224788
14273.927817718419	96.48044180294661
14481.54687870117	96.41617007891371
14692.18582846533	95.994344176395
14905.888592304698	95.19248809168757
15122.699734421185	94.17427262806545
15342.664467217943	93.03111821644649
15565.828660727671	91.79184658860943
15792.238852178061	90.51730321071322
16021.942255696367	89.24115155111923
16254.986772155136	87.94718917068272
16491.42099916115	86.59286554628503
16731.294241189662	85.2919974989371
16974.65651986603	87.75862227123365
17221.558584396902	89.55906922022295
17472.051922153143	89.13827035304972
17726.188769406665	88.8708587197199
17984.022122223458	89.23203852965095
18245.605747515034	90.23096829370944
18510.99419425065	91.3382697756634
18780.242804832582	91.31297512225956
19053.40772663689	89.90186580024822
19330.545923722028	87.05960039408357
19611.71518870775	83.16331947761581
19896.974154826825	80.986435
20186.382308152035	80.986435