20	104.572556
20.290906698750476	104.572556
20.586044732869844	104.56692473177645
20.885475648548283	104.54916842286839
21.189261887185914	104.52663649774243
21.49746679841394	104.50619126958102
21.810154653305165	104.48975319183533
22.12739065777668	104.48579442011443
22.449240966187475	104.48898138969005
22.77577269513385	104.49988583996634
23.107053937445478	104.51088190488606
23.44315377638505	104.5153142598586
23.784142300054445	104.50811530046822
24.130090616010463	104.49207618866177
24.481070866093134	104.47004541306241
24.837156241469714	104.4490735806315
25.1984209978975	104.4345819359415
25.56494047120865	104.42486612240347
25.936791093020236	104.41673651155183
26.3140504066728	104.40641494367715
26.69679708340074	104.39301075786526
27.08511093873791	104.38018411806024
27.47907294916184	104.37182373934355
27.878765268980047	104.36616292056893
28.284271247461966	104.35648894333526
28.695675446220072	104.33858773698212
29.11306365684382	104.31224531591086
29.536522918790062	104.28266956323375
29.966141537533712	104.26167925675918
30.402009102982383	104.25180719220901
30.844216508158908	104.24524999053504
31.29285596815558	104.23166203221744
31.74802103936409	104.20808764525188
32.20980663898519	104.1813554713106
32.67830906482211	104.15734569538901
33.153626015361866	104.13635649148809
33.63585661014871	104.11212553398842
34.125101410453844	104.08050597704506
34.62146244024586	104.04619254347848
35.12504320746613	104.01768089544915
35.635948725613716	103.99662296823294
36.15428553564419	103.97654267071593
36.68016172818701	103.95187190603562
37.21368696608603	103.92346609662827
37.754972507267915	103.89422099591971
38.30413122794313	103.86456001666471
38.86127764614443	103.83421944640013
39.4265279456077	103.80466812380503
40.000000000000206	103.77693199999999
40.58181339750116	103.74375882887524
41.1720894657399	103.70116929763526
41.77095129709678	103.66108518109095
42.37852377437204	103.6386940461275
42.9949335968281	103.62092521280306
43.62030930661056	103.58697568769107
44.25478131555359	103.5352320998227
44.89848193237519	103.49212202187341
45.55154539026795	103.46760155795326
46.21410787489121	103.44664064550852
46.88630755277036	103.41457754871166
47.56828460010916	103.3782289985052
48.260181232021196	103.33401593931005
48.962141732186545	103.27934100795642
49.674312482939705	103.23189467918527
50.39684199579528	103.19529208101287
51.129880942417586	103.15473108776075
51.873582186040764	103.10858060606868
52.628100813345895	103.06309535973284
53.393594166801776	103.01705900796411
54.17022187747612	102.97416602932883
54.95814589832399	102.93719867207396
55.75753053796041	102.89251469488312
56.56854249492426	102.8297512443218
57.39135089244048	102.77175544251307
58.226127313687975	102.71686585944252
59.073045837580466	102.63159725300963
59.932283075067765	102.49192652158159
60.804018205965114	102.4997669629716
61.68843301631817	102.54960897534538
62.58571193631152	102.49378443932754
63.49604207872855	102.43253806458713
64.41961327797075	102.3800675285901
65.35661812964459	102.32323920810559
66.3072520307241	102.27015092454987
67.27171322029778	102.20467857965063
68.25020282090806	102.14777636861183
69.2429248804921	102.09490655917912
70.25008641493265	102.03686104842116
71.27189745122783	101.98064095388007
72.30857107128878	101.91933246216465
73.36032345637442	101.8641548861726
74.42737393217246	101.79644532438935
75.50994501453623	101.74361163235723
76.60826245588666	101.6954343358099
77.72255529228926	101.63242299713173
78.85305589121582	101.58147162828267
80.00000000000082	101.51643399999996
81.16362679500274	101.45721882374237
82.34417893148023	101.39228851554559
83.541902594194	101.33149639610552
84.75704754874454	101.27083068872135
85.98986719365665	101.21347595615728
87.24061861322157	101.15743416695928
88.50956263110764	101.08755760347569
89.79696386475084	101.02840237505728
91.10309078053635	100.96480447489557
92.42821574978288	100.90041939946461
93.77261510554118	100.83194954906931
95.13656920021877	100.76545094084409
96.52036246404286	100.70199956158197
97.92428346437356	100.64206878481943
99.34862496587989	100.57294101082928
100.79368399159105	100.50670786724736
102.25976188483567	100.44169033913815
103.74716437208203	100.37248756728108
105.25620162669229	100.30358918114989
106.78718833360406	100.23800769387742
108.34044375495276	100.171377471981
109.9162917966485	100.10243206664325
111.51506107592134	100.03588120721312
113.13708498984903	99.96988573896213
114.78270178488147	99.89525193266722
116.45225462737648	99.83051497406846
118.14609167516147	99.73589389515706
119.86456615013608	99.65719827889568
121.60803641193078	99.64114264634765
123.3768660326369	99.5746427200772
125.17142387262359	99.50350217169434
126.99208415745765	99.43434226658799
128.83922655594208	99.36200495448756
130.71323625928977	99.29475745486128
132.61450406144883	99.23053617878757
134.5434264405962	99.16447286331478
136.50040564181674	99.09731226624845
138.48584976098482	99.03522409819526
140.50017282986593	98.96579066612787
142.5437949024563	98.8968082030676
144.61714214257822	98.82896103746083
146.7206469127495	98.76389702228121
148.8547478643456	98.69821530215071
151.01989002907314	98.63120793173803
153.216524911774	98.56433437226015
155.4451105845792	98.49975592207096
157.70611178243232	98.43619848242552
160.00000000000236	98.36703499999994
162.3272535900062	98.30584219410437
164.6883578629612	98.24115517249437
167.08380518838874	98.17253890208102
169.51409509748981	98.10549091896718
171.97973438731407	98.04620789177638
174.4812372264439	97.98291273514022
177.01912526221608	97.91708608524256
179.5939277295025	97.87537998217816
182.20618156107355	97.80162494218952
184.85643149956664	97.7425629493052
187.54523021108326	97.68933675778466
190.27313840043846	97.62816802496904
193.04072492808663	97.58383351996915
195.84856692874806	97.53270666929973
198.69724993176072	97.47060174949253
201.58736798318304	97.41674820910067
204.5195237696723	97.36254655416296
207.49432874416505	97.30311010265882
210.5124032533856	97.24612260516939
213.57437666720915	97.18439512520827
216.68088750990657	97.12498030671757
219.83258359329807	97.0674862469323
223.03012215184378	97.00805421739138
226.2741699796992	96.94767830947103
229.5654035697641	96.88436839996207
232.90450925475412	96.82204557613605
236.2921833503241	96.74616700507745
239.72913230027333	96.59410693192208
243.21607282386276	96.62471551078127
246.75373206527502	96.55810404050992
250.34284774524843	96.49542997947623
253.9841683149166	96.44802908896057
257.67845311188546	96.44343736427736
261.42647251858085	96.47107826211135
265.22900812289896	96.49799192129582
269.08685288119375	96.50827326955013
273.0008112836349	96.4663807645182
276.97169952197106	96.41945239350122
281.00034565973334	96.37541996843483
285.0875898049141	96.3231718378028
289.23428428515797	96.27724222040074
293.44129382550057	96.22171163081775
297.7094957286928	96.1503381893201
302.0397800581479	96.10400985207578
306.4330498235497	96.07656571586104
310.89022116916016	96.03223872995532
315.41222356486645	95.98536463565507
320.00000000000654	95.94925699999993
324.6545071800142	95.89819240172807
329.3767157259242	95.85801836217038
334.16761037677935	95.8180707942369
339.02819019498156	95.78102111212074
343.95946877463007	95.74136241837974
348.9624744528898	95.70732194707959
354.03825052443415	95.67544820087869
359.187855459007	95.63000275186053
364.4123631221491	95.62120137322512
369.71286299913527	95.58589664003465
375.0904604221685	95.55688225922407
380.54627680087896	95.52909422760261
386.08144985617537	95.49760128294886
391.6971338574982	95.4637306345086
397.3944998635236	95.43196469557034
403.1747359663683	95.40100486465907
409.0390475393468	95.36757615791312
414.9886574883323	95.33338641322572
421.0248065067734	95.30186615761068
427.1487533344206	95.27261744570563
433.3617750198154	95.24199408970165
439.6651671865984	95.21124304792218
446.06024430368984	95.17984700266062
452.54833995940066	95.15088446396378
459.13080713953053	95.12291612204683
465.8090185095106	95.09741930082151
472.58436670065066	95.07083057314998
479.45826460054917	95.04675779454709
486.432145647728	95.02263742486963
493.50746413055253	94.9959015552924
500.6856954904994	94.97054554608451
507.9683366298358	94.94715370274497
515.3569062237735	94.92600511396894
522.8529450371643	94.90181454311859
530.4580162458005	94.878061882323
538.1737057623901	94.85327966389833
546.0016225672724	94.83780791792377
553.9433990439449	94.8169124286708
562.0006913194694	94.79579718604556
570.1751796098309	94.7767265320308
578.4685685703187	94.75800420645251
586.8825876510039	94.74057947662105
595.4189914573883	94.71726879697425
604.0795601162986	94.6994173667054
612.8660996471021	94.68840145431255
621.780442338323	94.67740919056166
630.8244471297356	94.662355571912
640.0000000000159	94.65066499999999
649.3090143600314	94.64121262681883
658.7534314518515	94.5689919636658
668.3352207535618	94.61015195984194
678.0563803899662	94.61045575894231
687.9189375492632	94.60071414489184
697.9249489057827	94.5948312429909
708.0765010488715	94.59062274273789
718.3757109180171	94.56681118055597
728.8247262443015	94.57508466964201
739.425725998274	94.58109709736202
750.1809208443404	94.58265270360796
761.0925536017613	94.5860725911747
772.1628997123541	94.59007271248714
783.3942677149998	94.59647522849569
794.7889997270506	94.60815078514894
806.34947193274	94.61791291634891
818.0780950786972	94.62975688298425
829.9773149766683	94.65146624296078
842.0496130135506	94.67655950852514
854.2975066688449	94.70034769356525
866.7235500396347	94.73016067314447
879.3303343732008	94.76217592198458
892.1204886073838	94.81206416182532
905.0966799188055	94.8561784510697
918.2616142790653	94.88931326386788
931.6180370190256	94.94323022272708
945.1687334013056	94.99888940197687
958.9165292011028	95.05994768235126
972.8642912954606	95.12942581398508
987.0149282611097	95.2010118102437
1001.3713909810035	95.27865851261308
1015.9366732596762	95.35746635249741
1030.7138124475518	95.44717936813215
1045.7058900743334	95.53732957709907
1060.916032491606	95.63151321872007
1076.3474115247852	95.73121642287848
1092.0032451345498	95.83504968938705
1107.8867980878947	95.94073262975402
1124.0013826389438	96.04912892490094
1140.350359219667	96.14872933652127
1156.9371371406426	96.26465959717477
1173.765175302013	96.37440208016766
1190.837982914782	96.47900249836357
1208.1591202326028	96.58653570465023
1225.73219929421	96.69366864904903
1243.5608846766518	96.79694187018734
1261.648894259477	96.90003531034816
1280.0000000000375	96.99992400000019
1298.6180287200684	97.09914798614808
1317.5068629037087	97.21028975111588
1336.6704415071292	97.29822187703866
1356.112760779938	97.38863777698363
1375.8378750985323	97.4723102933541
1395.8498978115715	97.57492269098394
1416.153002097749	97.67264783311583
1436.7514218360407	97.76933447553422
1457.6494524886093	97.86607048059169
1478.8514519965543	97.95975713070749
1500.3618416886875	98.05569671279316
1522.1851072035295	98.1437343846719
1544.3257994247153	98.2256631813072
1566.788535430007	98.30219379255927
1589.5779994541087	98.37521168812793
1612.6989438654878	98.4429587680971
1636.156190157402	98.50601322019726
1659.9546299533442	98.56587052529106
1684.099226027109	98.62244143421469
1708.5950133376978	98.67839438498821
1733.4471000792773	98.73460706041617
1758.6606687464096	98.78762244596543
1784.2409772147755	98.83853291282995
1810.193359837619	98.89323646861281
1836.5232285581387	98.95023466072217
1863.2360740380593	99.00284921919506
1890.3374668026197	99.05620894799051
1917.833058402214	99.11564546218344
1945.7285825909298	99.17096794006919
1974.0298565222283	99.23336652349519
2002.7427819620161	99.28986551138442
2031.8733465193618	99.35512186013796
2061.4276248951132	99.42019010059342
2091.411780148677	99.48650088233428
2121.832064983222	99.55633341425802
2152.694823049581	99.63056996331531
2184.0064902691106	99.70278722766881
2215.7735961758003	99.77709272132373
2248.002765277899	99.85331736219051
2280.7007184393456	99.9275460246833
2313.874274281297	100.0032827666229
2347.530350604038	100.07588076318262
2381.6759658295764	100.14192275975297
2416.318240465218	100.20815056494243
2451.4643985884327	100.26995098583599
2487.1217693533167	100.32812251113383
2523.2977885189675	100.39563506598053
2560.0000000000887	100.4752655000002
2597.236057440151	100.56874510815362
2635.0137258074315	100.66947993767025
2673.340883014273	100.7580528107082
2712.225521559891	100.83285272404645
2751.6757501970797	100.88940803354866
2791.699795623158	100.93682967208193
2832.3060041955137	100.98292013203721
2873.502843672097	101.03159066131768
2915.2989049772345	101.07930866304149
2957.7029039931244	101.11915409481671
3000.723683377391	101.14551285011268
3044.370214407075	101.1570005637478
3088.6515988494466	101.1704543884777
3133.57707086003	101.19070847039335
3179.1559989082334	101.2270852222708
3225.3978877309914	101.2715548160377
3272.3123803148205	101.31954404603107
3319.9092599067053	101.36790313851009
3368.198452054235	101.41407672424413
3417.190026675413	101.46273417638591
3466.8942001585724	101.5152068384385
3517.3213374928373	101.5675074748124
3568.4819544295697	101.61585888725509
3620.386719675257	101.65343282314605
3673.0464571162966	101.68625640475857
3726.472148076138	101.70762377494052
3780.6749336052594	101.72317658082811
3835.6661168044484	101.73786419789059
3891.45716518188	101.74286084070793
3948.059713044477	101.73922271194407
4005.4855639240527	101.72180030724228
4063.746693038744	101.69752542415071
4122.855249790247	101.66613384572342
4182.823560297375	101.62685998720755
4243.664129966465	101.57848565026366
4305.389646099183	101.51782110158337
4368.012980538242	101.43878258427864
4431.5471923516225	101.34373560386035
4496.00553055582	101.2280620983711
4561.401436878714	101.09145774576491
4627.748548562617	100.93802112560844
4695.060701208099	100.75963706716288
4763.351931659176	100.57400356538096
4832.63648093046	100.372687650411
4902.928797176889	100.16687354518086
4974.243538706657	99.94897141256438
5046.595577037959	99.71666371822062
5120.000000000202	99.47307714285645
5194.472114880326	99.22356098873314
5270.027451614888	98.96752797690412
5346.6817660285715	98.70465913001512
5424.451043119808	98.44151187502614
5503.351500394186	98.17890149941894
5583.399591246343	97.92723650343562
5664.612008391055	97.68289318906439
5747.005687344222	97.44641287268976
5830.597809954497	97.22317359864027
5915.405807986278	97.01838537150519
6001.447366754812	96.83489503422472
6088.740428814181	96.68312724953083
6177.303197698925	96.57211752215727
6267.154141720092	96.49490723809593
6358.3119978165005	96.46505636665601
6450.795775462017	96.4754681165373
6544.624760629676	96.52391746254804
6639.818519813445	96.6000970243652
6736.396904108505	96.68755508561684
6834.380053350861	96.7681387480003
6933.788400317181	96.8299326165255
7034.642674985712	96.8829478655297
7136.963908859177	96.9529469826512
7240.773439350552	97.07624296241582
7346.092914232631	97.2812669283737
7452.944296152315	97.5613414884885
7561.349867210557	97.92529351558478
7671.332233608935	98.34805389743477
7782.914330363799	98.79729381427116
7896.119426088994	99.22770000722343
8010.971127848146	99.53745675179249
8127.49338607753	99.61047593800781
8245.710499580537	99.37544121975318
8365.647120594791	98.80399441335221
8487.328259932974	97.97140003757983
8610.77929219841	96.93756474327643
8736.025961076528	95.7450767704778
8863.094384703289	94.47972001843785
8992.011061111683	93.22885955558189
9122.802873757471	92.04632058353666
9255.497097125279	91.04008245853532
9390.121402416245	90.32477832633744
9526.7038633184	90.10683098259364
9665.272961860968	90.30998197015076
9805.857594353829	90.95249789456903
9948.487077413367	91.70517682549517
10093.19115407597	92.19090012730781
10240.000000000457	92.29211099999979
10388.944229760706	92.12515254073786
10540.05490322983	91.79412250858671
10693.363532057198	91.44464460515117
10848.902086239672	91.14045430244823
11006.703000788428	90.9149534527771
11166.799182492743	90.77962883567163
11329.224016782166	90.8013736756937
11494.0113746885	90.90276791063425
11661.195619909053	91.19340981375898
11830.811615972614	91.61154255209422
12002.894733509682	92.24452250191226
12177.48085762842	93.08529364120072
12354.606395397908	94.24886636521467
12534.308283440243	95.76758541933957
12716.62399563306	97.83597006409819
12901.591550924093	100.17130034817642
13089.249521259411	102.49099628071676
13279.637039626952	102.08402011447926
13472.793808217073	99.28469885896358
13668.760106701786	96.26818464769144
13867.576800634426	93.83328201885226
14069.285349971487	91.94905222116843
14273.927817718419	90.38842011218486
14481.54687870117	89.22168733995501
14692.18582846533	88.33885649149317
14905.888592304698	87.70011375026915
15122.699734421185	87.23977808968831
15342.664467217943	86.97324211142818
15565.828660727671	86.92102977974217
15792.238852178061	87.00541134065635
16021.942255696367	87.19810242955268
16254.986772155136	87.42930218229729
16491.42099916115	87.56438840502872
16731.294241189662	87.44535606933182
16974.65651986603	86.94668709676981
17221.558584396902	86.04516755458997
17472.051922153143	84.82210224187465
17726.188769406665	83.4768427593731
17984.022122223458	82.0692899587163
18245.605747515034	80.63765858565712
18510.99419425065	79.24562718486328
18780.242804832582	77.44495149185548
19053.40772663689	75.48576947661739
19330.545923722028	72.27869788526391
19611.71518870775	66.8729918498668
19896.974154826825	64.66333
20186.382308152035	64.66333