20	94.762428
20.290906698750476	94.762428
20.586044732869844	94.77938473452208
20.885475648548283	94.79277197695063
21.189261887185914	94.8025256116832
21.49746679841394	94.80179092282171
21.810154653305165	94.79276250819926
22.12739065777668	94.77620586592147
22.449240966187475	94.76389226354597
22.77577269513385	94.7760871922491
23.107053937445478	94.82035421259236
23.44315377638505	94.8904049880396
23.784142300054445	94.96083970898958
24.130090616010463	95.00875582858613
24.481070866093134	95.00297532210891
24.837156241469714	94.95694491961905
25.1984209978975	94.88305866959962
25.56494047120865	94.81361901264393
25.936791093020236	94.76350408662393
26.3140504066728	94.73243877312159
26.69679708340074	94.71305146999406
27.08511093873791	94.70407133019798
27.47907294916184	94.72940861333903
27.878765268980047	94.80660736688297
28.284271247461966	94.93318081272905
28.695675446220072	95.05973996135407
29.11306365684382	95.14563125980152
29.536522918790062	95.15550932145308
29.966141537533712	95.08953450864709
30.402009102982383	95.00538220985018
30.844216508158908	94.95200356578555
31.29285596815558	94.93544720922276
31.74802103936409	94.94813290437969
32.20980663898519	94.9751923835306
32.67830906482211	95.00902069770207
33.153626015361866	95.0364920951307
33.63585661014871	95.03831107053807
34.125101410453844	95.00659150912027
34.62146244024586	94.9649376121013
35.12504320746613	94.95245001225972
35.635948725613716	94.97539745704695
36.15428553564419	94.99206717586067
36.68016172818701	94.96343583771205
37.21368696608603	94.90478786070763
37.754972507267915	94.87024359332109
38.30413122794313	94.86651694034674
38.86127764614443	94.87126479846768
39.4265279456077	94.8523168781819
40.000000000000206	94.823166
40.58181339750116	94.81752142153998
41.1720894657399	94.8158966623476
41.77095129709678	94.78643813866506
42.37852377437204	94.74606371131215
42.9949335968281	94.72467120575013
43.62030930661056	94.71111862524037
44.25478131555359	94.68040651570509
44.89848193237519	94.650632185121
45.55154539026795	94.63945734648432
46.21410787489121	94.62955691376847
46.88630755277036	94.59123781700706
47.56828460010916	94.54738998551647
48.260181232021196	94.51749288482698
48.962141732186545	94.47815938351185
49.674312482939705	94.42389442681223
50.39684199579528	94.37588090138313
51.129880942417586	94.35000160664352
51.873582186040764	94.34953066588204
52.628100813345895	94.33638189644446
53.393594166801776	94.27467183310483
54.17022187747612	94.18711761343248
54.95814589832399	94.12493158902802
55.75753053796041	94.09206712802879
56.56854249492426	94.0955906392076
57.39135089244048	94.07039949055662
58.226127313687975	93.99827468364765
59.073045837580466	93.93741155886104
59.932283075067765	94.00286739237559
60.804018205965114	93.95235911341857
61.68843301631817	93.86408818464905
62.58571193631152	93.8301997663192
63.49604207872855	93.79968572191079
64.41961327797075	93.78045118298623
65.35661812964459	93.74112461921574
66.3072520307241	93.6659736091197
67.27171322029778	93.63211647320051
68.25020282090806	93.61212435853422
69.2429248804921	93.5696443775775
70.25008641493265	93.51309455813004
71.27189745122783	93.4108174257052
72.30857107128878	93.34636595911867
73.36032345637442	93.31668931576665
74.42737393217246	93.26528422554016
75.50994501453623	93.23648987011168
76.60826245588666	93.19289793810549
77.72255529228926	93.11665576934911
78.85305589121582	93.0866076106379
80.00000000000082	93.00691199999996
81.16362679500274	92.94264473144382
82.34417893148023	92.86113138175337
83.541902594194	92.79558340203123
84.75704754874454	92.73247370445452
85.98986719365665	92.6659089829634
87.24061861322157	92.57809796795446
88.50956263110764	92.50718885048069
89.79696386475084	92.44685522079975
91.10309078053635	92.33960315477542
92.42821574978288	92.30787174346429
93.77261510554118	92.23030813080855
95.13656920021877	92.16493433641156
96.52036246404286	92.09248206490614
97.92428346437356	92.0183369387851
99.34862496587989	91.94720727005034
100.79368399159105	91.85734161298919
102.25976188483567	91.78180559723242
103.74716437208203	91.71765347550483
105.25620162669229	91.62710610254264
106.78718833360406	91.54680948302219
108.34044375495276	91.46640496272934
109.9162917966485	91.38695283732523
111.51506107592134	91.30510495727596
113.13708498984903	91.22032427715214
114.78270178488147	91.13585525841272
116.45225462737648	91.04929212584605
118.14609167516147	90.96197223255784
119.86456615013608	90.88646835461304
121.60803641193078	90.7872144247768
123.3768660326369	90.69466526035872
125.17142387262359	90.61259653453168
126.99208415745765	90.52385055030643
128.83922655594208	90.44684073198594
130.71323625928977	90.35900429089601
132.61450406144883	90.26990003159517
134.5434264405962	90.18130264431811
136.50040564181674	90.10426122936005
138.48584976098482	90.00864096358133
140.50017282986593	89.9356240615722
142.5437949024563	89.853580809846
144.61714214257822	89.76920331776246
146.7206469127495	89.69106566283511
148.8547478643456	89.60793189582908
151.01989002907314	89.52862931338059
153.216524911774	89.45884566416375
155.4451105845792	89.38697134214614
157.70611178243232	89.30241904884944
160.00000000000236	89.24609399999993
162.3272535900062	89.17532687283509
164.6883578629612	89.10087374765745
167.08380518838874	89.03641830293176
169.51409509748981	88.97976403831758
171.97973438731407	88.92545079818707
174.4812372264439	88.86744284566907
177.01912526221608	88.82956811026712
179.5939277295025	88.78770930337302
182.20618156107355	88.74502626903912
184.85643149956664	88.70581868433933
187.54523021108326	88.66282990708943
190.27313840043846	88.62059690059573
193.04072492808663	88.59143770371044
195.84856692874806	88.55409980461573
198.69724993176072	88.53143725404327
201.58736798318304	88.51783858264575
204.5195237696723	88.49194856423497
207.49432874416505	88.4794454665246
210.5124032533856	88.46721894080777
213.57437666720915	88.46175119509839
216.68088750990657	88.44723791549904
219.83258359329807	88.42380854541658
223.03012215184378	88.42714426464075
226.2741699796992	88.43009030765381
229.5654035697641	88.4315282738946
232.90450925475412	88.42861425202021
236.2921833503241	88.42625542988702
239.72913230027333	88.42447251261925
243.21607282386276	88.42959463802545
246.75373206527502	88.43319066864436
250.34284774524843	88.4299817728973
253.9841683149166	88.44048334142022
257.67845311188546	88.4446819735633
261.42647251858085	88.4435484881275
265.22900812289896	88.45483895838483
269.08685288119375	88.45781800309581
273.0008112836349	88.46520892938884
276.97169952197106	88.474273323234
281.00034565973334	88.47726374358193
285.0875898049141	88.48830522133755
289.23428428515797	88.49413879113236
293.44129382550057	88.50093955989058
297.7094957286928	88.50945279006635
302.0397800581479	88.5142050672728
306.4330498235497	88.51509417918456
310.89022116916016	88.50736651316326
315.41222356486645	88.51447272332814
320.00000000000654	88.512177
324.6545071800142	88.51148068572587
329.3767157259242	88.50398945860908
334.16761037677935	88.50307003170866
339.02819019498156	88.49861059612279
343.95946877463007	88.49367385309478
348.9624744528898	88.48961306465084
354.03825052443415	88.48439069272544
359.187855459007	88.46987974526803
364.4123631221491	88.46239522122265
369.71286299913527	88.4693261688478
375.0904604221685	88.46439207760083
380.54627680087896	88.46107961765661
386.08144985617537	88.45984273015247
391.6971338574982	88.44289735374292
397.3944998635236	88.42972246177499
403.1747359663683	88.42052030459965
409.0390475393468	88.409369580746
414.9886574883323	88.39228418113059
421.0248065067734	88.36808706975077
427.1487533344206	88.34672569956993
433.3617750198154	88.32959449201151
439.6651671865984	88.31143257346109
446.06024430368984	88.28923519004648
452.54833995940066	88.26955188932116
459.13080713953053	88.24805952059373
465.8090185095106	88.22925029723694
472.58436670065066	88.21286644276464
479.45826460054917	88.1912320454302
486.432145647728	88.16737189146126
493.50746413055253	88.15050231010733
500.6856954904994	88.12261256203696
507.9683366298358	88.0930395770304
515.3569062237735	88.06312613339813
522.8529450371643	88.04656650943726
530.4580162458005	88.0215014162159
538.1737057623901	87.99294777624047
546.0016225672724	87.96798896365867
553.9433990439449	87.94512383671314
562.0006913194694	87.91819711235219
570.1751796098309	87.89577081103714
578.4685685703187	87.8681140175317
586.8825876510039	87.84364077486761
595.4189914573883	87.82012609184103
604.0795601162986	87.79895211926167
612.8660996471021	87.77935282264286
621.780442338323	87.75263568969001
630.8244471297356	87.73635948418769
640.0000000000159	87.71649899999997
649.3090143600314	87.69648555002736
658.7534314518515	87.67607333051481
668.3352207535618	87.65970573739793
678.0563803899662	87.64566545320857
687.9189375492632	87.6225465277044
697.9249489057827	87.61179427977473
708.0765010488715	87.59652999305108
718.3757109180171	87.5865086544172
728.8247262443015	87.57193525914644
739.425725998274	87.56203454103608
750.1809208443404	87.55719918827482
761.0925536017613	87.54532915044022
772.1628997123541	87.53998837011554
783.3942677149998	87.5381518241891
794.7889997270506	87.53450079688308
806.34947193274	87.53410717975859
818.0780950786972	87.53811541034793
829.9773149766683	87.54368527001085
842.0496130135506	87.55346296814281
854.2975066688449	87.56938958117344
866.7235500396347	87.58830660225651
879.3303343732008	87.61026093320547
892.1204886073838	87.6423361525554
905.0966799188055	87.67449009068547
918.2616142790653	87.71467128105172
931.6180370190256	87.76100129694078
945.1687334013056	87.81051397302296
958.9165292011028	87.86778408722154
972.8642912954606	87.93151044050607
987.0149282611097	87.99376549934904
1001.3713909810035	88.07313944311477
1015.9366732596762	88.1438343080235
1030.7138124475518	88.23094636727396
1045.7058900743334	88.31712281591344
1060.916032491606	88.40436541752283
1076.3474115247852	88.50580344463877
1092.0032451345498	88.60298435189304
1107.8867980878947	88.7054298185026
1124.0013826389438	88.80450676850343
1140.350359219667	88.90871720347626
1156.9371371406426	89.01010736589652
1173.765175302013	89.11508661568683
1190.837982914782	89.21862157502423
1208.1591202326028	89.31530548031051
1225.73219929421	89.41715710880848
1243.5608846766518	89.51319005035926
1261.648894259477	89.60949909623835
1280.0000000000375	89.69632000000018
1298.6180287200684	89.79005273156302
1317.5068629037087	89.88432479545227
1336.6704415071292	89.98211065258187
1356.112760779938	90.07743280521211
1375.8378750985323	90.16880146250116
1395.8498978115715	90.27603118903089
1416.153002097749	90.3799578527318
1436.7514218360407	90.48448423128501
1457.6494524886093	90.59510416018871
1478.8514519965543	90.70923237979378
1500.3618416886875	90.8208573124943
1522.1851072035295	90.92455186798401
1544.3257994247153	91.02446483769597
1566.788535430007	91.1217346470546
1589.5779994541087	91.21291208310191
1612.6989438654878	91.29333438684411
1636.156190157402	91.37005645820119
1659.9546299533442	91.44470096279815
1684.099226027109	91.5109975154732
1708.5950133376978	91.57735823639743
1733.4471000792773	91.6455097434433
1758.6606687464096	91.70700350342685
1784.2409772147755	91.76852474446407
1810.193359837619	91.83637853016145
1836.5232285581387	91.90339114143528
1863.2360740380593	91.97325756971863
1890.3374668026197	92.043059342687
1917.833058402214	92.11951260427868
1945.7285825909298	92.19801104614568
1974.0298565222283	92.27222901794666
2002.7427819620161	92.35860085598006
2031.8733465193618	92.44103901729748
2061.4276248951132	92.52589887523013
2091.411780148677	92.61751916667536
2121.832064983222	92.71364106488566
2152.694823049581	92.8043035974113
2184.0064902691106	92.89804052160729
2215.7735961758003	92.99792203606322
2248.002765277899	93.09662472030385
2280.7007184393456	93.20067902213053
2313.874274281297	93.30444868184937
2347.530350604038	93.40642620988835
2381.6759658295764	93.51036904808225
2416.318240465218	93.61381746982988
2451.4643985884327	93.7181583491302
2487.1217693533167	93.82214030219987
2523.2977885189675	93.92337443778425
2560.0000000000887	94.02458150000025
2597.236057440151	94.12554655063609
2635.0137258074315	94.22629798090853
2673.340883014273	94.3276631534126
2712.225521559891	94.42723396513526
2751.6757501970797	94.52828189463258
2791.699795623158	94.62648998005038
2832.3060041955137	94.72090837817144
2873.502843672097	94.8154988499145
2915.2989049772345	94.90660096769383
2957.7029039931244	94.99125444566556
3000.723683377391	95.07938353304685
3044.370214407075	95.15739641847425
3088.6515988494466	95.23296990797438
3133.57707086003	95.30175329336451
3179.1559989082334	95.36204558925898
3225.3978877309914	95.4189854692928
3272.3123803148205	95.47266133218868
3319.9092599067053	95.51932061899086
3368.198452054235	95.55826693136862
3417.190026675413	95.59224485738018
3466.8942001585724	95.62057990215747
3517.3213374928373	95.64367848940898
3568.4819544295697	95.65886671763772
3620.386719675257	95.67335433646493
3673.0464571162966	95.6911560176206
3726.472148076138	95.70157579410308
3780.6749336052594	95.69765337271103
3835.6661168044484	95.68011975252436
3891.45716518188	95.64904353674726
3948.059713044477	95.61634778250628
4005.4855639240527	95.57048932321867
4063.746693038744	95.51091057533213
4122.855249790247	95.43865921736817
4182.823560297375	95.35453959050342
4243.664129966465	95.26299713107731
4305.389646099183	95.16017675803975
4368.012980538242	95.04855522847443
4431.5471923516225	94.92503724663307
4496.00553055582	94.79587140511762
4561.401436878714	94.65444356448346
4627.748548562617	94.50240524258201
4695.060701208099	94.34129619658059
4763.351931659176	94.18065909539408
4832.63648093046	94.01222314360585
4902.928797176889	93.84369302270608
4974.243538706657	93.67038956127988
5046.595577037959	93.49520646235365
5120.000000000202	93.31136757142805
5194.472114880326	93.11535831908155
5270.027451614888	92.90832596495538
5346.6817660285715	92.69747811368337
5424.451043119808	92.47995261912725
5503.351500394186	92.26502688359874
5583.399591246343	92.07546808837726
5664.612008391055	91.90669498681777
5747.005687344222	91.75249446835993
5830.597809954497	91.61259242576219
5915.405807986278	91.48848522543088
6001.447366754812	91.38838386523224
6088.740428814181	91.300620374356
6177.303197698925	91.24493283512567
6267.154141720092	91.200762542606
6358.3119978165005	91.1854820575653
6450.795775462017	91.19597993598124
6544.624760629676	91.23581160706625
6639.818519813445	91.30964474959387
6736.396904108505	91.4126294656338
6834.380053350861	91.54767307422176
6933.788400317181	91.73353130271744
7034.642674985712	91.95790509979066
7136.963908859177	92.22763921529244
7240.773439350552	92.55545752441549
7346.092914232631	92.94556927386725
7452.944296152315	93.38439200710563
7561.349867210557	93.89538835465339
7671.332233608935	94.48250306474407
7782.914330363799	95.11443577392926
7896.119426088994	95.70562339268467
8010.971127848146	96.05212640663102
8127.49338607753	95.90910113638162
8245.710499580537	95.19411039347926
8365.647120594791	94.07865458728324
8487.328259932974	92.835599961787
8610.77929219841	91.55593034698643
8736.025961076528	90.33801076122114
8863.094384703289	89.19271105180465
8992.011061111683	88.14662097831128
9122.802873757471	87.19864255451381
9255.497097125279	86.36010627700767
9390.121402416245	85.60860159802724
9526.7038633184	84.9530619693962
9665.272961860968	84.40507528090923
9805.857594353829	83.92035124560168
9948.487077413367	83.50905380995239
10093.19115407597	83.17670211794344
10240.000000000457	82.92203399999933
10388.944229760706	82.76865303311543
10540.05490322983	82.69448320595538
10693.363532057198	82.69316193990417
10848.902086239672	82.77759839889002
11006.703000788428	82.92983619384424
11166.799182492743	83.12646292354633
11329.224016782166	83.33496910848343
11494.0113746885	83.43528257985021
11661.195619909053	83.35663258034378
11830.811615972614	83.254626158908
12002.894733509682	83.2743700492128
12177.48085762842	83.58614062471456
12354.606395397908	84.49339020125775
12534.308283440243	85.8030170408168
12716.62399563306	87.70176122896237
12901.591550924093	89.79335527043168
13089.249521259411	91.8118017185302
13279.637039626952	91.60473742246396
13472.793808217073	89.319226660659
13668.760106701786	86.68467474395972
13867.576800634426	84.55521148978988
14069.285349971487	82.98165551770457
14273.927817718419	81.73592723808997
14481.54687870117	80.79782535692316
14692.18582846533	80.1979059412758
14905.888592304698	79.9886701889564
15122.699734421185	79.7723918141976
15342.664467217943	79.68907816679662
15565.828660727671	80.04305258289786
15792.238852178061	80.72014794701182
16021.942255696367	81.85544365997515
16254.986772155136	83.45024588975929
16491.42099916115	85.39476041455701
16731.294241189662	86.64866737230544
16974.65651986603	85.45055153506564
17221.558584396902	82.72283142125485
17472.051922153143	79.97637251824705
17726.188769406665	77.56069074420768
17984.022122223458	75.5073604721841
18245.605747515034	73.73004022813055
18510.99419425065	72.23849563828779
18780.242804832582	70.52115285586224
19053.40772663689	69.4271817931145
19330.545923722028	67.96729432380224
19611.71518870775	65.85053941578016
19896.974154826825	64.672287
20186.382308152035	64.672287