20	102.509972
20.290906698750476	102.509972
20.586044732869844	102.4994674822183
20.885475648548283	102.48365826316528
21.189261887185914	102.46787314331564
21.49746679841394	102.45437360805177
21.810154653305165	102.44224349903628
22.12739065777668	102.431331316505
22.449240966187475	102.42027402670072
22.77577269513385	102.40798883944781
23.107053937445478	102.39402436165972
23.44315377638505	102.37817139308063
23.784142300054445	102.36031281504178
24.130090616010463	102.34100042731492
24.481070866093134	102.32047554992943
24.837156241469714	102.2996032554063
25.1984209978975	102.27904198333032
25.56494047120865	102.25858477097482
25.936791093020236	102.2374436017888
26.3140504066728	102.21447808617886
26.69679708340074	102.18850071399211
27.08511093873791	102.16050636929046
27.47907294916184	102.13186483835969
27.878765268980047	102.10435373443958
28.284271247461966	102.07861507731192
28.695675446220072	102.05333101400826
29.11306365684382	102.02737844055527
29.536522918790062	101.99957154473795
29.966141537533712	101.96931178694535
30.402009102982383	101.93717918143955
30.844216508158908	101.90335862363551
31.29285596815558	101.86874389390891
31.74802103936409	101.83474269102985
32.20980663898519	101.80254331486599
32.67830906482211	101.77220533043796
33.153626015361866	101.74161512181686
33.63585661014871	101.70759198839349
34.125101410453844	101.66843852728122
34.62146244024586	101.62570566168381
35.12504320746613	101.58289725045448
35.635948725613716	101.54222036762397
36.15428553564419	101.50311045903844
36.68016172818701	101.46346155501601
37.21368696608603	101.42164392549076
37.754972507267915	101.37748631996799
38.30413122794313	101.33214185299113
38.86127764614443	101.28704167795459
39.4265279456077	101.24236423843821
40.000000000000206	101.19728099999999
40.58181339750116	101.15057674352374
41.1720894657399	101.10201408468288
41.77095129709678	101.05181406198429
42.37852377437204	101.00168348573436
42.9949335968281	100.95443089693698
43.62030930661056	100.90949562946038
44.25478131555359	100.85793580802519
44.89848193237519	100.797479066289
45.55154539026795	100.73791645656709
46.21410787489121	100.68892715903357
46.88630755277036	100.63924939445994
47.56828460010916	100.57968232139066
48.260181232021196	100.52281579384781
48.962141732186545	100.47961908516152
49.674312482939705	100.4311621094222
50.39684199579528	100.36257142909756
51.129880942417586	100.29141585304859
51.873582186040764	100.23699408496965
52.628100813345895	100.18453262191682
53.393594166801776	100.12010625985975
54.17022187747612	100.05867180048617
54.95814589832399	99.98934591104609
55.75753053796041	99.89937203072448
56.56854249492426	99.87645067463494
57.39135089244048	99.81727535088784
58.226127313687975	99.6751114967671
59.073045837580466	99.53120549752798
59.932283075067765	99.60345961606552
60.804018205965114	99.52949247480358
61.68843301631817	99.43297297480997
62.58571193631152	99.41397219568144
63.49604207872855	99.3324358303065
64.41961327797075	99.24579319682853
65.35661812964459	99.19088827946265
66.3072520307241	99.12215898635569
67.27171322029778	99.04610042400853
68.25020282090806	98.97292326498285
69.2429248804921	98.899125897852
70.25008641493265	98.82363297878192
71.27189745122783	98.74981302013705
72.30857107128878	98.67712029830868
73.36032345637442	98.60381580934698
74.42737393217246	98.52518180615888
75.50994501453623	98.44774287710828
76.60826245588666	98.37150834365112
77.72255529228926	98.29591895995422
78.85305589121582	98.2192223534094
80.00000000000082	98.13839699999994
81.16362679500274	98.05715819220987
82.34417893148023	97.97798187108437
83.541902594194	97.89885893217938
84.75704754874454	97.81735179677808
85.98986719365665	97.73690656126033
87.24061861322157	97.65428152815811
88.50956263110764	97.57547070592696
89.79696386475084	97.49128839752653
91.10309078053635	97.40887561248891
92.42821574978288	97.32631627103828
93.77261510554118	97.24171450639639
95.13656920021877	97.15987970888571
96.52036246404286	97.07602133159402
97.92428346437356	96.99267709717817
99.34862496587989	96.90722557412408
100.79368399159105	96.8244814243795
102.25976188483567	96.73929756276803
103.74716437208203	96.65290966682458
105.25620162669229	96.5690675867483
106.78718833360406	96.48196612821066
108.34044375495276	96.39696925530166
109.9162917966485	96.31284681401485
111.51506107592134	96.22647921690354
113.13708498984903	96.14096144956845
114.78270178488147	96.05560276163652
116.45225462737648	95.96446475117858
118.14609167516147	95.87581637861841
119.86456615013608	95.79397396879206
121.60803641193078	95.70867963626526
123.3768660326369	95.62218315322652
125.17142387262359	95.53716595029103
126.99208415745765	95.44998498241607
128.83922655594208	95.36836773417875
130.71323625928977	95.2796537211163
132.61450406144883	95.19133106232847
134.5434264405962	95.10901030335829
136.50040564181674	95.02167692848597
138.48584976098482	94.93743648014016
140.50017282986593	94.85326167305067
142.5437949024563	94.76662435890526
144.61714214257822	94.67957991848775
146.7206469127495	94.59797164008499
148.8547478643456	94.511035863622
151.01989002907314	94.42544759582739
153.216524911774	94.34506124105951
155.4451105845792	94.26265429035475
157.70611178243232	94.17868843835315
160.00000000000236	94.10320299999991
162.3272535900062	94.02403448737518
164.6883578629612	93.95544841707898
167.08380518838874	93.87135181276652
169.51409509748981	93.79576468712398
171.97973438731407	93.72332612612158
174.4812372264439	93.64035742194758
177.01912526221608	93.57612689056316
179.5939277295025	93.48607388361427
182.20618156107355	93.40680244396235
184.85643149956664	93.33971919408238
187.54523021108326	93.26442670212504
190.27313840043846	93.1887318906311
193.04072492808663	93.12033981970984
195.84856692874806	93.04438344041279
198.69724993176072	92.97343811729222
201.58736798318304	92.90748032787918
204.5195237696723	92.83268324292227
207.49432874416505	92.76089809881509
210.5124032533856	92.70418902555724
213.57437666720915	92.61889796833191
216.68088750990657	92.57639478188773
219.83258359329807	92.52487131074224
223.03012215184378	92.467368345235
226.2741699796992	92.42421686482088
229.5654035697641	92.39642901721982
232.90450925475412	92.36664636631266
236.2921833503241	92.3566754209061
239.72913230027333	92.33515410581876
243.21607282386276	92.32725854757594
246.75373206527502	92.29507911470124
250.34284774524843	92.25625825628428
253.9841683149166	92.22337895220046
257.67845311188546	92.19968286472461
261.42647251858085	92.16941042528201
265.22900812289896	92.1534277526949
269.08685288119375	92.1291169102002
273.0008112836349	92.08853962964454
276.97169952197106	92.05606484115613
281.00034565973334	92.02613567841352
285.0875898049141	91.99411728746712
289.23428428515797	91.96918155487964
293.44129382550057	91.94146182937412
297.7094957286928	91.91497942214258
302.0397800581479	91.88743736017574
306.4330498235497	91.86640391589928
310.89022116916016	91.84832243986125
315.41222356486645	91.82278200890299
320.00000000000654	91.80840299999998
324.6545071800142	91.79462472784573
329.3767157259242	91.77664572793462
334.16761037677935	91.76204657430245
339.02819019498156	91.75657655023102
343.95946877463007	91.745875641413
348.9624744528898	91.73562506669862
354.03825052443415	91.73166198729481
359.187855459007	91.72629253397078
364.4123631221491	91.71925558630932
369.71286299913527	91.71717912499842
375.0904604221685	91.70860332131643
380.54627680087896	91.70216935500125
386.08144985617537	91.70295203102201
391.6971338574982	91.6998273370636
397.3944998635236	91.69553969409664
403.1747359663683	91.69197535135154
409.0390475393468	91.68971056351133
414.9886574883323	91.69336939834376
421.0248065067734	91.69629354846603
427.1487533344206	91.69913894306576
433.3617750198154	91.70995543029365
439.6651671865984	91.71962424819453
446.06024430368984	91.73242804043404
452.54833995940066	91.7380088806877
459.13080713953053	91.74060785991158
465.8090185095106	91.74374096814418
472.58436670065066	91.74962664510791
479.45826460054917	91.75216650082479
486.432145647728	91.75155450249102
493.50746413055253	91.76127466315421
500.6856954904994	91.76550891371247
507.9683366298358	91.7657310342672
515.3569062237735	91.7738682588138
522.8529450371643	91.77861903929056
530.4580162458005	91.78368809244296
538.1737057623901	91.79039009308548
546.0016225672724	91.79996063381776
553.9433990439449	91.80443129872297
562.0006913194694	91.80970686926638
570.1751796098309	91.81767647367582
578.4685685703187	91.82835089460686
586.8825876510039	91.83411361753694
595.4189914573883	91.84113131554447
604.0795601162986	91.84842077714006
612.8660996471021	91.85630726222381
621.780442338323	91.86376225794648
630.8244471297356	91.87080485649047
640.0000000000159	91.88007400000001
649.3090143600314	91.88837577900628
658.7534314518515	91.89809469336677
668.3352207535618	91.91020844949396
678.0563803899662	91.92094904511531
687.9189375492632	91.93101871071227
697.9249489057827	91.94469301039221
708.0765010488715	91.9536883036747
718.3757109180171	91.9686558748388
728.8247262443015	91.98624973571033
739.425725998274	91.99764233396549
750.1809208443404	92.01264201436283
761.0925536017613	92.03568192693012
772.1628997123541	92.05228182656133
783.3942677149998	92.0759144609728
794.7889997270506	92.10258954385843
806.34947193274	92.12931426688398
818.0780950786972	92.15734641821076
829.9773149766683	92.18867561249479
842.0496130135506	92.22483570022183
854.2975066688449	92.26546233950496
866.7235500396347	92.30904404675243
879.3303343732008	92.35553954342171
892.1204886073838	92.40493804278543
905.0966799188055	92.46172397632104
918.2616142790653	92.52574910083486
931.6180370190256	92.59409212142732
945.1687334013056	92.66337196336163
958.9165292011028	92.73938588580742
972.8642912954606	92.82063901123462
987.0149282611097	92.91259179636546
1001.3713909810035	93.0038097438984
1015.9366732596762	93.10137082662447
1030.7138124475518	93.2082618134446
1045.7058900743334	93.31520864167926
1060.916032491606	93.42759317449531
1076.3474115247852	93.54006250479817
1092.0032451345498	93.66059718548924
1107.8867980878947	93.78304329194025
1124.0013826389438	93.90245794416548
1140.350359219667	94.02661687760926
1156.9371371406426	94.14600474263186
1173.765175302013	94.26843308754381
1190.837982914782	94.38502567008166
1208.1591202326028	94.50122892898993
1225.73219929421	94.61327632853475
1243.5608846766518	94.72138030185295
1261.648894259477	94.8251737567948
1280.0000000000375	94.92578100000019
1298.6180287200684	95.01724126817182
1317.5068629037087	95.10928466818288
1336.6704415071292	95.1948107614241
1356.112760779938	95.27783334754108
1375.8378750985323	95.35733470236093
1395.8498978115715	95.43412189424018
1416.153002097749	95.5073144608909
1436.7514218360407	95.57829610658227
1457.6494524886093	95.64618246062888
1478.8514519965543	95.71486378785849
1500.3618416886875	95.77931722501921
1522.1851072035295	95.84724170246885
1544.3257994247153	95.91345860168968
1566.788535430007	95.98224956775367
1589.5779994541087	96.05041626727838
1612.6989438654878	96.12009658795061
1636.156190157402	96.19190756047796
1659.9546299533442	96.26488132563334
1684.099226027109	96.34056881406676
1708.5950133376978	96.41959818889435
1733.4471000792773	96.50237370341817
1758.6606687464096	96.58944588520305
1784.2409772147755	96.68079597807262
1810.193359837619	96.77689554504968
1836.5232285581387	96.88401936514859
1863.2360740380593	97.00311612414487
1890.3374668026197	97.12947229294595
1917.833058402214	97.2592043491654
1945.7285825909298	97.38807115870308
1974.0298565222283	97.52043431963673
2002.7427819620161	97.652093375726
2031.8733465193618	97.79189638483666
2061.4276248951132	97.93050825102709
2091.411780148677	98.07664485407784
2121.832064983222	98.22943227902475
2152.694823049581	98.38505688066496
2184.0064902691106	98.5466317577624
2215.7735961758003	98.71581358078906
2248.002765277899	98.88745071542634
2280.7007184393456	99.06268024557997
2313.874274281297	99.24262291303097
2347.530350604038	99.42538744721273
2381.6759658295764	99.6104143830763
2416.318240465218	99.79727399321018
2451.4643985884327	99.98539014718597
2487.1217693533167	100.1741803075441
2523.2977885189675	100.36074920792045
2560.0000000000887	100.54402550000044
2597.236057440151	100.72334861254897
2635.0137258074315	100.89687250701937
2673.340883014273	101.05859043972494
2712.225521559891	101.20896604004511
2751.6757501970797	101.34293184760482
2791.699795623158	101.45920440117986
2832.3060041955137	101.5544610195175
2873.502843672097	101.63243816981172
2915.2989049772345	101.69078177582719
2957.7029039931244	101.72894208290032
3000.723683377391	101.7527878945309
3044.370214407075	101.76303934360791
3088.6515988494466	101.76444856439927
3133.57707086003	101.75530661886799
3179.1559989082334	101.73900173586497
3225.3978877309914	101.71632840687933
3272.3123803148205	101.68474235752812
3319.9092599067053	101.63997197321254
3368.198452054235	101.57758440002962
3417.190026675413	101.49761975011285
3466.8942001585724	101.3989194660489
3517.3213374928373	101.28363650921251
3568.4819544295697	101.16049201226994
3620.386719675257	101.03520707260243
3673.0464571162966	100.9192264882436
3726.472148076138	100.81746051912958
3780.6749336052594	100.73043603669294
3835.6661168044484	100.6509164586449
3891.45716518188	100.57511042827184
3948.059713044477	100.50009931678063
4005.4855639240527	100.42068791523548
4063.746693038744	100.33917254887645
4122.855249790247	100.26827452322681
4182.823560297375	100.20443427339919
4243.664129966465	100.16031095397318
4305.389646099183	100.12701493171295
4368.012980538242	100.09838672890255
4431.5471923516225	100.07596230909783
4496.00553055582	100.05302322669769
4561.401436878714	100.0311273088222
4627.748548562617	99.99989779641545
4695.060701208099	99.9616058706556
4763.351931659176	99.91340341153753
4832.63648093046	99.84812158162075
4902.928797176889	99.76229134880265
4974.243538706657	99.6615082577957
5046.595577037959	99.5408750756881
5120.000000000202	99.40488885714247
5194.472114880326	99.2559435633517
5270.027451614888	99.10409929716701
5346.6817660285715	98.961936502326
5424.451043119808	98.83451167548104
5503.351500394186	98.73055678728748
5583.399591246343	98.64731976431719
5664.612008391055	98.59466502654747
5747.005687344222	98.57156861995222
5830.597809954497	98.58137135156188
5915.405807986278	98.62736667023437
6001.447366754812	98.7134715255884
6088.740428814181	98.84026686276256
6177.303197698925	98.9956399030478
6267.154141720092	99.16174387415384
6358.3119978165005	99.30843337326034
6450.795775462017	99.4070148855948
6544.624760629676	99.43186392953619
6639.818519813445	99.3720118143163
6736.396904108505	99.23606776344499
6834.380053350861	99.05092803549002
6933.788400317181	98.85384527480726
7034.642674985712	98.6757341433448
7136.963908859177	98.54970629434557
7240.773439350552	98.50434093047777
7346.092914232631	98.55487157658048
7452.944296152315	98.70173335532766
7561.349867210557	98.92616210184411
7671.332233608935	99.21660815425606
7782.914330363799	99.56358324112897
7896.119426088994	99.91175866908823
8010.971127848146	100.17894798791642
8127.49338607753	100.26978284827787
8245.710499580537	100.09753596709194
8365.647120594791	99.62219103269753
8487.328259932974	98.91563418022288
8610.77929219841	97.99383923104384
8736.025961076528	96.87622932027891
8863.094384703289	95.45882630965642
8992.011061111683	93.56811026900463
9122.802873757471	95.13676503892894
9255.497097125279	94.05124639310304
9390.121402416245	93.16402653391305
9526.7038633184	92.46434698655263
9665.272961860968	91.88053602895657
9805.857594353829	91.41009235944819
9948.487077413367	91.04945430076786
10093.19115407597	90.79905575981458
10240.000000000457	90.65096439999967
10388.944229760706	90.58880849463274
10540.05490322983	90.60494492906479
10693.363532057198	90.67257153447382
10848.902086239672	90.74492132187292
11006.703000788428	90.73163725499515
11166.799182492743	90.57284668360587
11329.224016782166	90.23468996015478
11494.0113746885	89.81967527599207
11661.195619909053	89.35667678073098
11830.811615972614	88.86614777784455
12002.894733509682	88.35967009887686
12177.48085762842	87.87281269282528
12354.606395397908	87.47148973715946
12534.308283440243	87.11858175689831
12716.62399563306	86.82470948397427
12901.591550924093	86.65070024279741
13089.249521259411	86.53714894111313
13279.637039626952	86.48674438476735
13472.793808217073	86.55362148157103
13668.760106701786	86.70850411695736
13867.576800634426	86.97281074929467
14069.285349971487	87.36885632186544
14273.927817718419	87.85142236077635
14481.54687870117	88.49728697105438
14692.18582846533	89.27819849340099
14905.888592304698	90.20482381222438
15122.699734421185	91.19965857552671
15342.664467217943	91.98270774715739
15565.828660727671	92.06354461604792
15792.238852178061	91.50643997921769
16021.942255696367	92.0945454015465
16254.986772155136	90.7684581361999
16491.42099916115	88.87567163732345
16731.294241189662	87.44384643707122
16974.65651986603	86.53982501698344
17221.558584396902	86.8509278193366
17472.051922153143	87.2674017015275
17726.188769406665	87.78988421365119
17984.022122223458	88.4752759042094
18245.605747515034	88.2296279629772
18510.99419425065	86.27519029942891
18780.242804832582	83.60830210406482
19053.40772663689	81.18649796346861
19330.545923722028	79.65098623999111
19611.71518870775	78.31151398386156
19896.974154826825	77.3909
20186.382308152035	77.3909